703 3 92
768 4 > 710
458 1 -83
18 4 > 714
491 4 != 152
567 4 >= 339
87 1 -20
756 5
52 1 57
45 1 29
579 5
194 3 74
635 3 -14
107 2 41
867 4 > 758
601 1 -62
780 3 -23
882 3 74
965 4 >= 320
582 4 != 135
316 5
901 1 -8
570 4 < 381
464 2 -70
433 5
778 2 20
15 1 9
172 3 62
148 2 3
547 3 89
947 4 <= 927
585 4 <= 385
24 4 > 506
594 5
185 2 61
755 2 -10
637 3 -55
967 1 78
284 1 -65
143 5
186 4 > 676
830 2 20
541 4 == 570
628 2 60
269 5
323 2 10
889 2 -92
818 5
596 5
568 1 -77
438 4 <= 456
783 2 82
480 1 -12
630 3 -99
312 2 -95
177 2 38
152 2 8
112 4 < 644
359 4 < 80
742 4 <= 530
638 4 < 737
60 2 -16
224 4 >= 529
599 2 24
305 5
731 2 44
785 3 69
66 2 66
96 5
305 2 49
891 5
260 5
202 3 17
371 2 -59
54 2 37
714 3 67
567 5
107 5
722 5
52 1 98
499 2 74
383 5
909 5
959 1 2
701 2 -11
976 3 51
618 3 23
662 5
878 3 64
200 5
5 2 31
451 1 62
844 3 -81
715 5
299 2 60
35 3 100
585 4 == 510
608 4 != 441
848 5
679 2 17
831 5
925 1 -74
349 3 78
615 2 -37
511 2 96
962 1 -87
853 1 94
712 5
782 2 -39
269 2 -10
170 3 -69
715 3 5
721 2 -68
733 4 == 449
739 3 -94
423 4 != 124
823 2 90
209 4 > 268
192 3 66
297 1 -49
618 4 != 365
456 5
139 2 67
202 4 <= 8
455 2 -37
6 2 58
69 5
693 3 73
974 1 0
587 4 > 910
182 2 68
544 3 -85
850 5
639 1 -78
780 2 45
948 1 -35
487 4 == 807
86 4 > 941
704 4 < 672
841 3 -70
539 4 >= 609
134 4 >= 781
606 1 -100
636 5
676 2 -14
99 2 -93
32 3 40
715 2 86
432 1 9
927 1 -77
396 3 -49
385 5
581 5
510 3 -11
856 5
771 4 >= 928
47 4 >= 364
486 1 -87
815 5
213 1 -98
786 3 -48
937 4 <= 386
992 4 < 619
564 4 > 338
290 1 -32
490 4 > 256
902 4 > 302
740 3 -61
707 5
4 4 == 194
494 5
861 4 > 589
146 5
57 3 21
169 5
534 2 -100
304 1 22
649 5
530 1 46
483 5
947 3 95
822 1 12
422 3 61
735 5
266 3 7
934 5
705 5
305 5
157 1 88
865 2 -60
372 2 -90
4 2 92
227 1 68
35 3 -19
544 5
372 4 == 766
565 1 17
242 3 99
18 1 59
311 3 46
703 4 != 805
828 5
889 1 60
350 5
899 5
585 2 -94
674 4 >= 498
114 1 -24
320 1 -56
721 2 94
75 4 > 822
941 2 21
787 3 62
840 4 <= 106
77 1 16
602 5
148 1 42
421 2 87
510 2 5
157 1 -96
63 3 -91
337 5
81 5
96 1 -43
388 3 -13
113 4 == 365
451 5
331 1 97
638 1 94
759 4 < 417
129 5
550 5
596 3 -6
199 1 -53
568 5
160 3 11
521 2 54
321 5
55 2 96
165 1 6
322 2 40
682 5
968 3 -96
192 1 -42
373 2 -35
660 5
856 3 2
978 3 55
304 1 -82
639 4 < 200
776 4 != 707
808 3 -30
480 5
424 2 50
921 3 -32
883 5
639 1 51
120 5
400 5
361 5
914 4 > 577
635 5
778 2 74
824 2 -48
108 2 42
342 5
329 1 20
703 4 <= 347
812 5
241 2 35
838 2 -97
835 1 -57
77 3 -60
804 2 50
324 3 -60
3 1 69
202 4 > 836
544 4 >= 993
361 3 -74
711 3 -25
993 5
748 5
979 4 > 31
813 2 -91
145 4 < 905
115 4 >= 865
174 4 >= 789
198 2 9
850 2 89
872 5
311 4 == 282
626 1 -24
204 1 -77
656 1 -56
445 2 64
796 2 43
24 1 34
848 4 < 640
850 3 46
358 3 -49
595 2 84
42 5
572 3 26
740 2 -66
606 5
287 1 -98
683 4 < 642
169 1 -3
89 2 59
558 1 10
832 5
926 2 -39
705 2 -95
457 4 != 210
869 3 3
482 3 5
623 1 -8
478 2 -49
626 5
856 3 16
916 5
144 4 != 495
149 4 == 676
827 5
287 3 24
530 4 <= 874
772 1 56
365 3 50
788 3 -26
992 4 <= 890
117 1 29
251 2 -75
497 5
574 2 2
6 1 -28
79 2 -55
630 3 -12
663 1 -58
114 4 <= 295
335 2 -28
425 3 -75
545 1 -42
607 3 35
936 1 -67
413 4 <= 916
396 1 -40
648 5
744 3 41
826 3 96
13 2 71
486 2 26
387 3 59
103 3 -69
177 1 -99
312 1 -96
41 3 -27
813 5
16 5
787 2 -83
967 1 40
159 2 66
476 4 == 544
539 4 == 841
257 4 < 314
384 2 -43
658 2 34
270 4 > 879
728 3 34
955 5
467 4 <= 152
547 5
220 2 62
987 3 -40
324 4 != 271
5 2 55
618 3 -43
39 1 7
247 4 != 688
574 2 -34
132 2 -43
119 1 86
222 1 31
478 4 <= 320
77 5
438 1 -45
477 1 43
323 2 -71
506 1 90
6 1 53
353 2 89
919 1 -31
288 2 86
47 1 -38
490 5
916 3 -87
485 2 82
599 5
292 3 39
632 5
973 4 == 758
43 3 63
294 4 >= 124
429 3 85
181 2 24
4 4 != 831
469 1 -1
284 2 95
309 3 71
963 4 > 774
650 1 3
28 5
0 3 -94
513 1 3
735 5
495 4 < 55
88 1 19
839 4 >= 654
244 1 -18
93 4 > 294
287 1 -42
124 1 26
138 3 75
410 1 82
267 2 -20
727 5
148 5
872 2 -99
545 5
421 5
496 3 10
131 5
963 4 < 954
281 2 53
41 5
427 1 -58
935 4 < 413
956 1 -65
328 1 38
85 2 73
40 5
651 1 49
742 4 < 63
352 3 51
674 2 -99
931 3 -87
981 2 -33
47 1 4
456 2 -49
826 3 49
293 2 -45
234 5
28 5
392 3 42
90 4 > 121
430 1 78
467 4 >= 461
876 2 -76
744 4 == 387
973 3 20
70 4 == 255
45 5
438 4 < 162
107 3 -73
569 5
286 4 != 624
337 5
198 1 -10
111 4 > 290
346 3 -87
812 5
673 2 -75
575 5
706 3 -18
154 2 -50
286 1 31
742 4 < 696
848 2 99
525 1 -36
436 1 66
715 4 <= 308
742 3 -58
986 3 -57
330 2 -19
732 5
177 5
103 5
99 4 != 229
647 2 7
942 2 24
378 3 57
583 2 -85
983 2 10
575 2 -64
625 4 == 741
780 4 == 40
611 2 58
902 4 != 144
526 5
722 3 27
368 2 -13
490 1 -6
420 5
387 2 -87
241 5
15 4 >= 874
458 5
322 3 12
218 3 32
244 1 8
626 2 -53
720 2 -52
484 1 82
812 1 -57
279 4 > 441
773 5
918 5
979 5
678 2 -12
629 5
843 2 35
3 2 96
439 2 1
176 1 -65
997 1 42
532 3 92
712 3 71
843 3 -97
40 2 -17
52 4 > 3
802 5
463 3 76
72 2 98
375 3 78
298 1 -45
78 3 -30
706 5
162 2 -73
3 4 >= 406
799 4 == 594
705 1 63
246 1 66
411 2 17
528 1 86
440 3 -97
66 1 -51
601 5
477 1 97
670 3 12
723 1 30
527 3 82
441 2 87
435 3 42
432 3 33
56 4 >= 207
647 3 79
934 5
848 4 > 690
210 4 != 938
377 4 <= 4
312 2 -64
905 3 -3
133 5
319 5
688 1 87
22 4 >= 803
309 2 3
553 5
891 2 80
925 1 6
795 5
826 1 -17
391 3 -56
460 2 46
633 4 != 325
241 2 89
505 1 84
79 2 -22
206 1 58
766 5
255 5
841 5
96 2 74
934 4 == 752
931 1 42
455 1 -30
466 2 97
733 4 <= 762
991 3 -35
580 2 59
506 2 -23
302 4 > 705
67 2 50
192 5
929 3 4
78 3 -41
701 4 != 477
810 4 > 173
532 3 2
727 1 2
917 3 -99
498 4 > 398
675 2 68
964 4 < 317
987 3 93
386 4 == 469
208 3 15
659 5
728 5
544 1 -18
310 3 58
727 5
939 3 43
81 5
929 4 == 718
555 5
436 2 -52
260 5
520 5
780 3 1
501 1 -42
70 4 <= 579
703 5
905 2 63
241 2 91
606 5
595 4 > 430
46 4 > 559
70 1 -5
996 5
555 4 > 907
67 5
113 4 >= 554
51 5
617 4 >= 170
580 5
255 3 55
2 2 19
965 1 -42
819 2 -34
143 4 == 140
661 5
77 4 > 794
370 2 60
871 2 -7
755 4 == 799
306 2 100
508 2 -23
312 4 <= 404
127 4 != 543
311 3 48
747 1 49
659 3 54
941 2 73
854 5
480 3 45
676 2 22
407 3 -2
858 1 34
636 4 <= 616
292 2 61
761 1 -10
54 4 > 775
293 3 62
194 3 9
261 1 65
312 5
188 1 -67
817 2 -55
307 2 9
517 3 -16
280 1 98
95 1 -94
48 1 25
6 2 -11
893 2 -79
229 5
228 1 -27
547 4 > 733
105 3 -26
895 4 < 374
488 5
626 5
265 1 69
305 4 <= 436
648 5
826 3 -43
645 4 < 441
754 1 -90
271 3 81
839 3 -44
131 3 66
366 1 -35
878 2 4
108 5
875 1 -46
161 5
22 3 34
565 4 >= 699
300 4 == 599
863 4 < 835
675 5
793 1 -77
150 2 15
255 2 -16
391 3 0
748 2 90
380 1 26
327 4 < 518
74 4 < 382
202 5
434 2 -88
224 4 != 460
43 4 != 670
162 1 16
724 3 96
668 3 -24
857 1 -93
97 2 55
524 1 -17
28 4 <= 377
33 4 > 488
439 4 > 357
539 5
907 2 -50
97 5
390 1 3
309 1 -88
773 3 -14
46 4 < 104
716 3 -29
585 1 16
309 4 > 411
21 1 72
722 5
680 4 == 608
247 5
173 3 -49
151 4 < 531
809 5
317 4 >= 987
307 3 84
680 4 > 101
406 4 > 38
669 4 > 786
640 1 -61
839 2 34
348 5
469 4 != 807
721 2 -75
301 5
817 2 92
376 3 51
590 1 98
271 1 20
632 5
441 4 > 597
981 3 53
636 1 18
652 5
221 3 46
213 4 == 828
397 4 > 808
143 3 83
216 2 -25
247 5
591 4 == 265
929 5
868 5
309 5
4 3 28
497 2 -72
981 2 -51
286 3 4
787 1 -55
503 3 53
291 1 0
565 2 -68
923 2 18
462 5
254 4 >= 423
703 5
257 1 49
344 4 != 943
270 4 >= 187
28 3 -48
385 2 -36
365 2 14
399 5
284 3 35
695 2 -34
656 2 76
388 3 -42
43 3 -1
900 3 40
113 4 > 971
275 4 == 468
636 2 -10
161 4 != 130
454 2 7
614 3 -62
324 5
410 3 -24
754 1 -79
331 5
343 5
295 1 -85
425 3 -64
483 1 5
932 1 -54
6 4 == 726
221 2 78
206 4 == 222
537 5
594 1 -84
6 2 -41
653 4 >= 656
974 2 -49
994 4 < 683
443 3 93
834 1 63
957 2 94
582 5
302 4 != 113
579 3 80
4 5
34 4 != 30
816 2 -44
824 2 57
986 1 25
323 3 50
825 1 27
115 2 28
343 4 > 529
161 3 16
576 3 64
65 4 <= 526
154 1 67
477 2 -63
893 3 39
76 3 -29
287 3 -66
325 4 >= 507
919 4 <= 291
891 1 82
653 4 == 807
714 2 -5
697 1 -19
780 2 65
705 5
331 4 >= 715
236 2 -37
813 2 35
138 5
436 3 99
159 2 -80
448 4 < 364
358 4 >= 389
134 3 26
720 3 -88
114 2 -55
49 5
668 5
859 5
190 2 -93
942 2 -46
526 3 -45
287 3 89
570 2 87
155 2 -54
409 2 50
308 2 97
395 2 -99
167 4 < 767
453 2 7
633 3 98
271 4 >= 980
704 2 -41
903 1 49
609 3 27
426 5
737 3 -29
533 1 89
953 3 -73
136 1 54
337 3 -50
468 5
227 4 >= 758
762 4 >= 866
837 5
196 4 == 9
257 5
609 3 -7
137 4 != 417
329 2 -10
950 5
867 5
128 4 <= 792
196 2 -89
486 3 -60
115 4 >= 111
322 5
671 1 71
108 5
655 2 -33
215 3 75
72 3 47
507 1 -17
725 4 > 529
775 5
103 4 != 28
518 3 -19
533 4 > 37
348 2 8
286 1 72
243 3 54
560 3 23
987 5
316 3 -76
394 3 24
300 4 >= 285
118 5
529 5
86 1 96
8 4 < 875
272 2 -39
966 3 -55
440 1 -8
526 3 65
496 4 >= 92
202 1 -7
470 3 58
937 3 -49
939 3 97
809 1 -83
388 2 -33
466 5
951 2 -60
965 3 -83
964 2 90
629 3 61
344 5
541 3 33
545 4 >= 173
184 5
86 4 <= 557
577 4 >= 482
138 3 -50
446 5
209 1 -27
796 1 90
667 2 71
705 3 -25
800 2 4
705 2 -19
293 1 81
852 1 35
724 4 < 30
362 2 100
311 1 34
464 1 36
240 5
880 2 -31
188 4 < 680
660 2 36
389 3 -27
924 1 10
383 4 <= 104
784 5
506 4 > 742
913 2 54
534 3 -12
784 2 72
57 4 > 273
787 3 -59
980 3 -72
140 1 -88
403 5
86 4 >= 374
423 2 -26
529 4 != 139
414 5
50 5
443 4 <= 412
806 3 -12
900 1 67
44 2 76
346 5
818 3 -66
853 1 -77
502 2 -10
122 3 -87
563 1 -77
258 5
999 4 <= 958
994 1 -24
718 5
721 2 30
659 3 -50
558 2 10
306 4 > 100
602 4 < 862
404 1 44
732 3 92
25 3 11
911 2 -87
201 5
201 2 63
248 5
783 2 6
219 3 18
822 5
779 4 == 473
683 3 69
800 4 >= 804
287 3 -37
644 2 54
930 2 93
723 1 -89
237 4 > 435
267 1 -10
520 2 72
322 1 87
613 4 == 687
784 4 > 624
829 1 75
342 2 27
565 4 > 267
237 5
254 3 -85
526 1 70
553 4 > 44
581 5
151 3 94
788 3 43
718 5
220 1 -18
276 5
928 1 9
398 4 < 343
938 4 < 450
681 3 -34
681 4 == 634
218 3 48
751 5
246 2 72
662 5
685 3 88
333 4 <= 230
9 2 31
812 5
569 2 -2
820 4 <= 372
577 2 -36
197 3 67
966 5
486 5
250 4 < 351
701 4 < 164
920 5
339 3 -97
421 1 -37
849 5
795 4 <= 317
644 5
424 5
49 2 65
718 4 == 709
18 5
425 5
480 1 -60
578 5
944 3 6
281 4 == 158
541 3 51
189 1 -72
920 1 -85
870 1 -64
285 1 88
880 2 26
142 5
104 2 9
844 2 -12
488 1 32
598 2 -62
993 5
562 2 77
378 2 -6
428 2 28
453 1 53
247 4 <= 280
460 3 -90
416 4 == 997
550 1 -43
524 1 92
895 3 -76
948 5
501 3 84
756 1 -92
493 1 14
921 2 -32
419 1 56
247 4 <= 975
937 3 -40
642 5
290 4 <= 441
255 2 56
708 4 != 316
12 4 >= 889
985 2 21
816 2 70
178 1 62
70 5
313 5
127 5
491 5
157 2 27
86 4 > 315
125 3 -62
86 3 -55
128 2 -30
817 3 40
215 3 86
310 5
410 3 -20
56 4 == 441
790 2 31
495 4 != 129
720 5
669 5
249 4 != 605
678 5
804 2 82
431 5
830 2 71
545 3 -60
662 2 -71
284 1 -3
937 5
475 4 == 754
794 5
575 1 -3
856 1 55
976 3 -41
494 5
83 2 -2
712 3 35
7 3 -3
362 4 > 633
864 2 8
476 1 54
965 5
169 3 -11
859 2 -15
244 3 63
980 5
176 5
951 1 20
508 4 < 809
490 4 < 508
471 1 -96
969 1 -10
12 1 72
453 5
688 2 -49
348 3 -5
9 2 70
579 4 <= 0
745 1 40
217 4 < 599
163 3 18
355 2 56
977 2 84
736 3 14
671 5
660 1 -8
12 1 -25
255 2 -77
534 3 4
702 1 -35
744 3 95
663 1 -53
364 2 -88
881 4 == 893
50 3 48
127 1 20
299 5
160 4 != 507
824 5
451 1 66
15 4 > 694
587 5
711 3 -20
81 1 70
410 1 11
70 5
398 4 >= 633
633 2 -76
161 3 5
835 5
139 2 -23
734 5
343 5
482 5
267 5
585 1 -79
136 4 > 90
318 4 >= 282
314 4 > 156
465 3 -65
168 4 < 687
928 2 -60
859 5
780 1 31
2 3 -96
864 3 -99
998 4 > 475
948 5
918 1 -90
402 4 != 883
209 2 20
408 2 40
917 5
161 2 -15
204 3 -91
709 4 <= 61
273 5
816 4 <= 256
912 5
863 4 != 357
430 3 -11
301 2 94
53 5
944 3 -68
967 2 -35
915 5
293 4 != 522
112 2 41
454 4 < 353
171 3 26
479 1 -33
594 2 53
360 5
798 1 -32
328 3 24
634 4 >= 597
392 1 49
548 1 40
241 5
308 3 47
599 5
731 3 6
113 1 -1
465 1 -97
313 5
489 2 -5
159 2 -33
507 3 -24
412 1 -4
391 5
431 3 -62
337 4 == 756
903 5
678 1 -51
960 3 -90
469 4 <= 367
11 4 != 729
259 3 83
834 1 -56
468 1 23
751 1 -82
468 5
960 2 -98
840 3 -82
317 3 -91
382 1 -58
195 2 28
499 2 -25
250 2 -92
201 5
424 3 58
20 5
327 1 68
37 2 -15
258 3 -99
58 3 -65
112 4 != 0
368 4 > 143
978 2 -20
360 3 32
599 4 < 725
715 3 35
352 2 63
145 2 31
55 3 24
683 4 > 282
614 2 51
824 3 47
310 3 -18
61 1 -60
17 3 59
48 1 -16
401 1 -22
497 4 == 20
835 3 -21
735 2 4
780 3 -22
268 4 > 513
74 5
923 3 -80
322 2 36
887 2 -79
711 2 -28
894 1 -2
748 4 != 550
545 3 -96
621 2 -94
493 3 -70
520 5
606 1 -52
98 5
678 4 > 722
138 4 > 949
76 4 >= 674
371 5
962 4 != 964
56 4 <= 648
444 3 -60
980 2 -77
835 5
91 4 == 252
486 2 -82
802 3 90
100 5
211 2 -100
730 2 4
960 3 -44
483 1 19
818 5
368 4 >= 744
390 4 < 410
380 2 -24
340 2 -10
712 2 -75
216 2 -2
94 1 28
988 4 > 606
937 1 -57
385 1 -51
973 2 -55
176 1 -83
184 4 < 141
840 1 -78
238 4 != 689
794 1 89
960 3 11
191 5
135 3 98
809 5
881 5
61 4 == 927
698 4 != 385
768 4 != 259
287 5
695 2 10
693 1 86
792 2 -3
597 2 78
156 2 92
659 3 -91
107 3 -73
568 3 -28
725 2 -7
187 5
636 4 <= 376
201 1 -99
430 1 -26
599 1 39
696 4 != 643
795 1 -67
228 1 -91
301 3 -79
797 3 -78
172 1 -85
215 1 67
895 4 == 654
919 2 -19
913 1 60
684 2 93
303 1 20
311 4 != 756
669 5
717 3 -1
900 3 30
986 1 55
964 3 96
964 5
491 2 -41
994 3 91
386 4 >= 769
247 5
349 2 0
500 3 -25
326 1 87
637 1 -59
806 5
443 1 50
337 4 > 593
494 5
159 1 52
8 5
581 4 == 405
30 3 -57
607 4 < 374
294 4 != 987
87 1 -90
385 5
195 5
169 5
599 2 59
988 4 <= 662
68 5
466 1 -48
506 2 39
915 2 97
675 1 -91
459 4 >= 16
56 2 8
621 5
554 2 -8
616 5
620 4 == 268
72 3 -26
960 2 25
200 1 71
109 2 95
771 5
593 4 >= 991
361 1 67
190 5
982 2 -84
931 2 -18
415 2 27
168 1 62
893 2 -77
412 5
867 4 < 714
421 5
557 1 73
672 1 93
388 2 -82
5 4 != 453
337 3 -53
190 3 49
568 3 -26
184 5
615 5
399 4 > 958
476 4 >= 344
838 2 -64
938 4 <= 248
113 3 42
524 1 -58
567 3 -7
171 2 -40
361 2 -35
186 1 -34
81 5
410 5
274 3 -17
943 3 -22
690 1 72
594 3 -52
986 1 -57
45 3 -57
389 4 >= 244
317 4 != 234
211 4 < 237
439 4 < 416
453 4 >= 836
631 4 == 171
976 2 -29
630 2 -100
28 2 83
986 3 16
311 2 57
984 3 -7
152 3 -97
293 1 -84
582 3 71
512 1 -35
122 4 > 72
888 1 48
590 1 68
673 4 >= 744
282 1 -25
859 5
786 2 39
704 4 > 679
595 3 -54
151 2 76
177 3 -12
477 1 -97
609 4 < 169
503 1 6
317 2 -2
94 5
414 3 -97
203 3 93
170 2 -67
7 4 > 305
24 5
194 1 98
279 1 -59
593 2 62
428 4 != 270
367 5
455 3 -11
850 1 28
264 4 >= 339
155 4 == 356
818 4 < 498
465 5
179 5
566 4 != 341
425 2 1
553 3 -8
220 2 12
583 2 -91
776 1 -27
301 1 -48
107 4 == 418
75 2 67
70 2 0
661 4 != 195
408 1 21
200 4 == 773
777 5
569 5
970 5
754 5
446 1 -51
885 1 7
264 1 64
379 1 51
11 2 42
862 5
858 2 28
660 3 89
471 1 -28
252 4 == 290
118 5
44 4 <= 463
260 3 58
567 2 -81
303 2 -14
883 3 -33
575 4 >= 40
914 3 34
563 3 35
598 2 -29
278 5
401 5
499 2 37
907 1 52
842 5
988 5
270 4 != 432
972 3 89
568 1 96
620 2 0
380 4 == 975
445 5
445 3 71
566 4 >= 845
570 5
914 2 10
632 1 -30
354 4 >= 459
702 3 -40
19 2 81
774 1 -83
604 5
971 2 67
129 5
359 4 == 102
420 3 43
344 2 -75
908 5
76 1 -72
48 4 >= 41
622 4 < 449
182 1 13
441 4 == 447
182 2 39
851 2 3
288 2 -1
970 4 != 24
961 3 -21
210 1 53
648 5
898 5
153 5
810 4 < 704
625 2 75
602 5
294 3 3
457 4 >= 639
436 3 32
571 1 -64
364 2 -27
984 4 >= 853
601 3 -63
451 4 > 781
777 5
936 2 -64
159 4 > 979
942 5
115 1 41
117 1 37
828 3 93
48 3 97
556 3 -92
190 5
392 1 95
990 2 40
248 1 -30
308 4 > 137
159 5
109 1 66
871 3 93
713 4 < 402
176 5
960 2 87
861 4 >= 14
185 3 30
606 1 -26
716 2 -42
954 2 36
219 3 95
862 2 -71
283 1 -54
746 5
823 2 -89
90 1 80
839 3 -36
333 2 53
210 2 34
210 3 87
883 5
388 3 -50
757 4 <= 605
553 1 22
367 2 49
457 3 87
688 4 < 260
155 3 -84
766 4 >= 392
373 1 -7
380 2 -76
165 1 -14
453 3 -13
12 1 76
553 5
861 4 < 562
443 5
98 3 80
83 3 34
83 1 90
38 3 71
56 5
931 1 -46
957 1 80
168 4 <= 894
243 5
843 4 != 547
175 3 59
638 3 11
67 5
540 3 20
191 1 -68
890 5
29 4 <= 601
176 2 96
544 1 42
719 5
128 2 -72
209 5
635 3 25
560 1 -33
393 4 != 765
617 2 -7
854 3 -12
81 4 == 786
220 2 -57
360 1 -1
196 1 85
317 5
813 4 != 827
652 2 -80
980 3 -2
669 2 -30
799 2 92
712 4 < 184
485 3 -52
200 3 -31
741 3 -19
90 3 -62
638 1 -96
281 2 31
526 5
796 2 -34
290 1 92
536 1 -98
432 5
229 4 < 186
77 5
390 4 <= 90
65 5
941 2 -41
902 2 -49
674 4 == 134
551 2 57
684 5
119 4 < 35
387 1 -75
896 3 -55
400 4 <= 901
91 1 77
158 5
204 2 -88
648 2 33
990 2 -67
10 2 -65
765 1 12
735 5
888 4 != 416
728 1 -82
510 4 == 669
67 1 -7
286 1 91
577 3 -40
182 3 96
331 2 79
913 5
380 2 82
185 3 -93
328 3 52
101 3 15
735 1 49
319 5
661 3 48
778 4 >= 878
489 3 -35
85 1 -27
942 5
109 1 59
938 5
636 5
514 3 -48
171 4 <= 713
386 3 49
695 2 -13
989 2 -31
36 5
466 2 82
57 3 -20
367 4 == 494
165 5
350 4 <= 918
873 2 64
741 5
908 3 42
535 5
642 5
25 1 -82
677 3 82
707 3 58
487 5
998 5
841 3 -56
248 5
904 3 0
203 2 77
367 3 -65
452 3 -72
525 3 96
118 5
958 2 27
189 5
134 1 71
936 5
497 1 72
534 1 -1
357 4 == 532
33 1 26
495 5
97 1 -70
10 3 65
558 4 >= 928
419 4 >= 510
187 2 6
995 2 -35
174 3 14
92 3 1
985 4 != 897
843 1 -72
36 1 86
384 1 62
642 4 <= 492
452 3 34
661 4 < 424
180 5
569 2 -83
797 4 <= 610
128 2 -77
53 5
433 4 != 756
188 1 -44
61 2 -54
124 4 < 898
386 3 -34
404 1 68
384 1 95
504 4 != 119
475 5
71 3 21
768 5
0 2 55
492 4 > 302
325 3 14
193 2 -6
411 5
842 2 -87
875 2 42
353 5
424 4 <= 573
610 1 24
184 1 64
783 4 == 373
500 5
970 4 == 853
438 2 -32
359 2 36
30 4 == 593
460 5
243 4 != 969
535 4 == 827
820 2 7
373 3 -6
629 2 100
452 3 93
807 5
414 4 == 148
64 5
639 1 83
80 3 99
71 5
995 3 -81
773 2 -58
376 5
155 2 -98
229 2 10
738 3 -27
964 1 12
255 4 >= 59
908 5
554 5
857 4 <= 913
40 5
517 1 24
659 4 > 63
604 3 84
256 1 85
612 5
733 4 > 640
776 1 -83
245 5
988 1 25
436 4 != 421
641 3 -20
414 5
994 1 44
54 1 52
360 5
551 2 -8
435 3 41
487 5
380 1 -43
843 5
117 5
818 2 23
463 2 -42
236 2 -12
631 4 != 419
590 4 < 751
658 5
248 2 55
139 1 -1
308 1 -59
242 4 == 995
367 2 32
767 2 53
373 1 -24
316 5
345 3 -16
556 4 == 122
50 3 29
640 3 7
723 3 86
781 1 -95
427 1 -57
373 5
670 1 -93
555 4 <= 72
123 2 47
672 5
27 4 == 824
413 2 17
975 5
408 1 -63
427 5
345 1 -31
987 1 30
134 3 -42
564 2 39
625 2 -75
38 5
187 3 -91
599 5
977 4 != 744
265 4 >= 898
310 4 > 426
964 1 -83
825 3 -4
501 1 -87
48 3 79
91 5
866 2 -16
583 4 > 448
435 3 -69
911 3 1
775 4 != 259
507 3 20
298 5
419 2 -56
399 4 > 678
76 4 == 432
615 1 -16
49 4 <= 574
677 2 -48
424 1 23
839 2 -24
882 3 -62
481 2 55
946 2 -4
871 3 74
221 2 -68
560 4 == 987
36 4 == 932
586 2 24
285 5
213 2 -50
236 1 -98
3 1 29
16 5
7 1 47
22 1 93
826 2 -7
918 3 -86
665 3 -63
890 1 21
204 5
20 4 <= 873
346 2 93
342 5
725 1 6
437 2 62
993 4 >= 830
355 5
512 2 72
0 3 92
937 4 != 806
911 4 < 853
923 3 -29
521 2 61
181 4 < 359
610 2 14
734 5
308 2 -51
539 2 98
472 2 16
696 2 16
79 5
634 2 -33
931 2 24
629 1 37
233 1 78
656 3 63
261 1 -7
143 5
59 2 -33
552 5
43 5
887 3 -41
875 1 28
178 4 < 675
263 4 <= 463
371 1 -25
706 1 20
591 1 73
556 5
584 2 -28
934 1 84
328 5
599 5
64 2 14
212 1 -62
62 2 -34
937 2 -83
871 5
123 2 -37
609 2 -1
397 3 -7
598 1 -90
728 3 20
182 4 <= 929
687 1 51
720 2 -6
37 1 -14
629 2 -93
927 2 -6
271 4 == 401
963 3 -82
798 4 > 432
916 1 -8
801 5
127 1 84
524 2 88
203 4 >= 19
455 1 -50
864 3 90
70 1 12
559 2 -83
281 3 94
447 1 -25
571 4 != 617
91 1 5
909 3 61
731 5
986 4 != 981
571 5
747 1 -37
964 2 -86
47 4 != 139
4 1 33
874 2 -64
690 2 -2
194 4 >= 372
391 1 71
376 5
894 2 90
357 4 == 315
572 3 63
560 2 62
766 1 -43
499 3 94
16 2 -35
471 3 65
49 3 35
817 1 54
993 1 22
23 3 12
899 3 81
783 3 -63
706 1 45
278 3 -96
141 5
483 4 == 810
76 3 -77
130 4 < 98
119 1 -18
917 1 96
385 3 -6
762 3 91
543 2 -93
665 3 -11
57 2 -96
836 1 -92
165 1 -70
821 5
815 3 -94
906 1 5
833 2 67
49 3 21
980 3 -86
263 3 16
14 2 -68
129 2 90
417 1 -93
404 4 == 882
390 3 4
764 2 -81
308 3 3
762 4 != 242
734 5
867 5
702 4 > 728
929 5
173 2 73
921 4 > 239
4 1 -83
759 3 -34
960 1 59
446 5
413 5
598 2 76
504 4 != 675
843 4 >= 400
59 3 60
376 1 44
426 4 == 51
561 2 25
534 1 91
21 2 -35
64 1 85
921 5
929 5
114 1 -44
840 5
14 2 -80
163 1 93
362 1 -98
382 2 4
242 2 -15
571 5
974 1 -92
270 1 -87
523 2 -63
144 1 44
978 3 50
966 5
976 2 0
405 4 < 391
824 1 -88
130 2 -97
503 1 2
138 1 99
360 4 > 702
304 1 40
283 4 >= 531
399 4 <= 911
973 1 -77
171 3 -53
793 2 69
284 1 -81
709 5
188 4 > 922
196 5
266 5
381 1 -46
279 4 < 920
105 5
24 5
675 1 -72
820 4 == 864
242 5
891 2 -24
130 5
205 3 98
31 3 38
705 4 < 685
58 3 -43
713 1 9
166 5
845 4 <= 152
154 3 40
890 2 -25
150 5
143 1 -7
367 2 42
42 2 -69
216 5
827 4 != 935
341 2 -88
87 3 28
762 5
981 4 == 600
447 1 37
204 3 -45
928 4 > 353
305 1 81
722 1 24
684 3 -40
273 3 73
240 3 52
349 4 <= 736
563 4 <= 299
248 5
706 5
221 2 74
826 3 -52
309 1 -56
306 3 -33
944 4 != 360
917 1 32
249 4 <= 451
949 4 >= 481
672 5
791 5
715 2 72
804 1 68
90 2 -49
839 3 40
802 4 < 806
403 4 < 560
114 4 < 584
474 4 < 664
225 5
207 2 49
978 1 94
637 3 -21
398 3 45
16 5
402 3 -77
991 3 -71
131 3 -9
991 1 -68
782 5
172 1 -70
494 1 43
275 4 <= 613
39 5
463 4 == 181
208 5
161 5
723 5
252 1 33
478 5
408 3 -38
315 5
77 4 > 918
356 1 100
136 2 100
663 3 -17
884 3 -30
576 2 72
10 4 <= 549
363 4 <= 888
323 2 -61
715 4 >= 238
789 5
854 4 != 938
382 1 -39
865 4 <= 96
634 4 < 959
554 4 > 563
909 5
87 3 -83
937 4 <= 61
258 4 != 70
328 5
730 1 41
818 3 -75
997 2 56
368 4 >= 228
982 5
397 3 -76
501 5
193 3 33
125 4 < 716
324 3 -56
463 4 < 903
848 1 55
720 1 -67
661 4 > 485
652 1 32
751 3 24
132 1 17
284 1 -69
294 2 100
878 2 -43
598 3 46
215 3 95
792 5
193 2 -26
141 5
885 2 -10
832 1 37
402 1 -4
193 3 79
929 4 >= 159
45 4 < 164
950 3 -59
125 5
131 3 99
643 5
38 4 != 73
61 3 -69
727 5
265 4 != 315
236 5
788 1 -17
537 4 > 611
437 4 >= 661
272 3 -84
323 1 -36
409 1 -35
196 5
991 3 -22
385 1 66
584 3 15
451 3 1
31 1 44
227 5
216 5
558 2 -74
86 1 60
136 4 < 969
444 4 != 127
905 1 3
751 4 >= 238
311 5
559 3 96
280 1 8
396 1 88
372 3 17
78 1 -13
965 1 -87
449 3 97
859 1 40
822 2 -50
849 4 >= 591
717 3 -26
55 3 -87
730 2 1
236 3 75
481 2 25
40 1 80
140 5
409 5
61 5
398 4 != 800
223 2 -62
716 2 56
285 2 44
264 3 -3
768 5
610 2 49
374 3 25
88 2 -97
822 2 -68
390 3 -63
231 1 -23
809 3 -17
918 2 92
579 5
859 1 91
410 5
235 2 18
914 3 -43
327 2 63
287 1 -18
502 1 -90
725 4 >= 556
42 1 -26
640 5
340 5
211 3 -64
754 4 < 247
228 5
13 2 95
36 2 -86
802 1 0
197 4 != 679
174 1 -78
200 2 23
846 3 84
448 4 > 594
803 1 2
971 3 -5
833 4 >= 36
794 3 -42
809 1 49
812 3 -13
465 2 -18
857 3 -76
485 1 24
872 3 95
646 1 -98
471 1 -46
408 1 54
325 4 < 95
337 2 -35
48 2 21
719 4 >= 910
410 5
331 2 95
66 4 == 273
89 2 37
832 1 50
280 1 34
496 3 -9
413 2 57
555 2 71
77 1 -3
191 1 93
993 5
306 2 49
631 3 -26
688 5
133 5
606 4 != 826
10 1 35
630 4 == 425
781 4 > 633
604 1 -81
774 1 -34
783 1 14
879 1 25
385 5
712 2 85
462 4 == 831
414 3 47
48 5
794 2 36
321 1 98
9 5
892 5
970 2 -94
22 3 -56
866 4 >= 977
563 1 -62
559 1 23
269 1 96
173 5
155 1 -53
399 1 -33
449 2 50
63 1 4
437 1 44
43 5
241 2 -33
374 1 -95
479 5
959 3 78
255 4 > 981
229 5
32 5
664 3 95
323 3 70
807 5
515 2 46
375 4 > 390
494 5
893 5
520 5
250 1 5
669 5
300 3 39
354 3 -80
141 2 -26
649 2 -97
502 2 30
131 2 12
892 2 -67
243 3 90
455 2 -25
59 2 91
990 5
501 1 -36
951 2 -52
645 2 44
38 1 94
632 2 95
954 3 88
118 5
593 2 -19
151 5
845 1 -60
655 1 59
544 5
210 5
165 2 -43
18 5
786 4 >= 832
652 1 64
153 1 -51
432 2 61
435 3 63
372 1 -8
37 1 -99
400 3 57
833 4 <= 527
366 4 > 178
702 2 -83
102 1 -39
300 3 -67
61 2 -81
556 5
492 1 25
792 2 -7
536 3 9
538 2 66
223 3 12
991 4 < 789
383 1 -91
385 2 86
785 2 -21
685 3 8
778 2 -68
353 5
659 1 -48
507 1 -26
562 5
727 2 -5
308 5
65 2 -28
726 4 == 557
180 2 15
23 2 -78
51 5
160 3 -81
158 2 42
539 5
682 5
360 2 14
727 2 86
488 2 39
268 4 > 468
560 1 48
40 3 54
840 2 -55
885 5
305 4 != 139
480 2 5
151 1 -81
450 1 -17
568 1 52
742 1 62
171 4 != 661
134 2 -36
136 4 >= 124
347 4 != 940
514 2 -25
176 4 >= 596
9 3 -76
355 3 -67
197 4 == 512
684 1 -58
596 1 -34
667 3 -24
546 1 -65
518 4 > 480
718 1 -68
541 3 44
859 3 -83
12 4 == 594
976 3 -93
929 2 9
642 4 > 307
715 3 22
19 1 39
419 4 < 151
199 1 -29
3 4 <= 559
986 2 -38
864 2 3
886 2 -21
840 1 -61
588 1 78
536 1 -49
610 3 75
953 3 45
435 3 88
549 5
701 5
560 2 -35
238 2 -27
453 1 8
775 1 -52
643 5
863 5
806 4 >= 577
538 2 93
402 4 <= 832
594 4 >= 708
128 4 != 211
403 2 8
261 5
196 5
526 3 49
279 3 38
674 4 >= 249
177 3 -98
352 5
189 5
661 2 62
36 2 16
6 2 -14
366 2 86
610 5
345 2 -61
990 2 1
129 2 99
109 2 -79
296 2 -46
145 2 -53
177 1 -74
583 2 75
989 2 46
635 5
799 2 -51
292 3 -12
908 4 == 46
152 1 -96
932 2 -74
256 4 > 768
342 3 -89
693 2 92
507 1 -34
519 2 44
309 4 >= 127
253 1 -87
535 5
430 4 <= 768
559 5
915 5
258 1 -4
655 1 4
739 2 -71
834 3 -12
519 1 45
470 2 59
852 2 24
266 1 51
870 4 > 117
49 5
818 2 100
594 3 -65
796 5
16 1 -100
84 2 66
432 1 96
996 3 42
174 4 < 91
323 2 58
327 2 89
428 1 -54
408 4 < 428
654 4 <= 671
985 2 28
300 5
709 1 18
518 5
867 3 65
515 5
869 5
331 3 38
852 1 84
38 1 59
594 1 -15
496 5
172 2 -100
602 2 -87
656 4 <= 102
608 5
541 2 -47
823 4 >= 18
163 2 98
930 3 88
978 4 > 317
266 1 78
449 4 > 90
160 4 > 422
913 1 -72
206 2 -55
971 1 68
385 5
247 1 -61
981 2 -97
131 5
430 1 -73
581 4 == 951
628 3 44
843 3 -69
232 3 13
108 3 -90
48 4 >= 787
81 5
378 1 25
11 2 96
523 5
10 5
136 3 97
994 2 6
602 3 61
260 4 > 509
935 4 < 532
823 1 44
524 3 80
253 1 96
23 1 -17
548 1 -49
397 2 -58
592 3 66
58 4 <= 448
390 1 -88
62 3 -76
20 3 47
839 4 < 39
469 4 >= 723
952 1 74
543 4 == 572
181 4 == 769
309 2 -67
178 5
324 3 -8
310 2 -95
454 5
440 4 >= 919
187 4 > 161
586 2 -61
843 2 -18
27 5
115 5
275 1 -64
173 1 7
871 1 -43
661 2 -38
758 3 16
810 2 8
936 3 25
723 3 -31
979 3 100
637 5
683 5
60 3 5
310 1 -27
319 2 -98
692 3 -3
553 1 -64
118 1 -18
418 1 -35
840 3 45
157 3 -30
873 5
911 5
678 2 86
747 4 == 737
112 2 -32
498 2 38
89 4 < 915
372 4 < 488
312 2 12
926 3 0
958 1 32
265 1 86
287 2 -42
642 3 -92
121 2 -80
935 2 -48
13 3 64
668 1 21
136 4 > 849
610 2 -13
775 5
41 5
458 3 -19
190 5
367 4 <= 371
129 3 87
164 1 -79
611 5
671 2 61
532 5
312 1 -32
507 1 79
321 2 -74
309 2 -57
713 2 -34
747 1 -42
5 1 80
665 3 26
661 5
249 5
372 4 <= 10
937 5
684 5
199 1 -29
675 1 -41
34 2 37
283 1 -5
919 2 -55
736 2 -24
213 3 22
326 4 >= 253
187 1 -77
224 4 <= 603
165 4 != 711
738 5
852 2 -11
1 1 41
722 4 > 375
977 5
798 1 44
399 4 <= 0
288 3 91
931 1 -4
388 1 100
66 1 -5
874 4 <= 555
720 4 < 693
661 2 -75
741 3 -33
789 1 88
705 5
264 5
906 4 > 980
970 3 31
787 4 > 114
971 5
6 4 >= 982
589 5
61 1 66
343 3 82
209 3 -61
600 5
441 2 93
235 4 != 803
915 5
612 5
706 2 72
581 3 -23
217 4 != 292
292 3 -100
699 1 -75
667 5
25 3 -59
514 1 -88
229 3 -45
317 1 27
585 3 -20
323 4 > 418
373 5
209 2 -18
125 5
504 2 94
332 2 -33
850 3 81
816 1 -28
599 1 -31
20 4 == 818
501 1 -91
870 5
677 4 >= 179
933 1 56
287 3 -79
205 2 -70
761 1 -68
161 1 -74
861 4 == 213
652 2 -13
173 2 -92
330 5
404 1 68
239 2 -39
250 1 -39
264 3 -48
963 3 25
754 3 -47
622 3 -84
722 3 43
698 5
544 1 42
109 2 83
194 2 77
362 5
955 4 != 206
885 1 46
249 2 89
460 3 -70
239 2 25
789 4 <= 942
674 3 75
617 1 -19
758 2 94
686 1 85
883 1 -73
523 4 < 396
968 5
21 1 76
638 5
845 1 21
168 1 -86
973 5
221 5
934 1 -23
229 5
522 3 35
763 2 51
142 3 79
322 2 -16
75 2 63
35 1 -96
464 1 -15
96 3 -56
315 1 10
869 4 >= 801
102 2 99
921 3 67
297 2 73
105 5
767 1 -22
913 4 == 99
506 1 -67
515 1 14
344 2 100
879 5
31 1 82
195 3 19
304 2 100
794 5
992 5
76 1 25
245 1 52
37 5
462 1 19
577 5
363 5
213 5
383 3 10
421 2 -20
953 5
177 4 >= 266
873 2 44
875 3 -63
523 2 61
692 4 == 381
52 3 27
29 5
251 1 -26
956 5
604 5
686 3 92
203 2 -15
477 3 32
44 4 > 763
15 5
194 3 -88
870 4 > 832
798 3 5
292 1 70
172 4 > 707
485 3 -50
235 3 -16
686 2 -62
49 5
192 1 20
953 4 >= 919
402 3 58
902 2 -99
343 1 -85
551 4 >= 125
749 1 -2
887 4 >= 262
891 4 > 579
573 4 < 901
87 1 -5
304 3 -52
602 1 -4
332 2 54
787 2 84
159 3 -79
768 4 != 567
482 5
125 4 < 640
938 5
256 3 -3
179 3 7
283 5
433 5
238 1 22
599 3 -10
681 5
891 2 -22
138 4 == 958
185 1 33
872 1 54
410 1 -80
719 2 23
922 5
101 4 > 826
549 4 != 711
706 5
601 2 29
678 5
693 3 -50
163 5
985 4 != 917
943 3 -22
512 4 <= 396
734 2 -1
391 4 == 2
211 4 != 280
387 2 -32
746 4 >= 199
534 2 -27
662 3 35
288 2 2
519 3 35
302 4 == 171
637 4 > 608
870 3 -63
96 5
65 2 -83
161 3 25
977 2 78
116 2 97
935 1 52
454 3 -75
915 3 62
733 4 == 497
359 3 19
195 2 6
792 4 < 242
306 1 96
785 2 93
209 3 37
433 1 42
202 4 >= 819
296 2 97
662 3 16
293 3 -44
674 3 -18
165 4 != 729
304 2 18
387 4 < 193
418 5
993 1 -55
641 1 52
861 3 21
1 2 -21
29 2 -80
70 1 -17
2 3 69
10 4 < 830
337 1 41
471 1 73
47 2 75
513 5
912 1 -34
379 4 > 453
149 1 -28
773 5
358 2 64
704 4 >= 640
320 1 -21
94 4 <= 211
316 2 90
445 5
573 3 -73
935 5
935 4 == 466
345 5
597 4 < 497
379 1 23
150 1 -62
514 4 < 593
295 3 -21
593 2 3
794 4 > 44
224 5
228 4 >= 342
810 2 -77
40 5
846 5
564 2 71
909 5
167 1 -8
761 5
409 5
955 4 == 142
244 3 70
971 1 -32
614 4 != 51
49 2 25
142 3 -51
424 4 >= 39
504 2 -62
146 4 != 858
949 3 -77
384 4 > 945
337 5
462 1 80
918 1 -65
660 2 -56
758 3 -57
962 4 >= 440
603 3 91
828 4 > 241
686 2 61
216 3 17
30 1 19
847 3 97
876 1 90
9 3 -6
212 3 -60
800 1 92
159 2 81
495 5
728 2 3
91 3 62
96 3 -10
399 1 58
505 3 -64
855 2 -25
686 4 == 341
502 5
258 2 67
851 4 <= 840
392 3 -9
125 3 -79
55 4 < 426
800 2 15
403 1 -20
32 1 20
788 2 20
530 4 < 739
974 2 -58
765 1 -61
797 3 20
399 5
431 4 <= 157
925 3 -87
516 3 13
888 1 95
407 1 -34
90 4 > 722
625 1 -55
892 1 -59
490 2 45
774 5
495 2 -71
258 3 -99
159 2 15
982 1 36
307 3 24
863 5
853 3 -79
996 5
362 2 -20
826 2 -78
306 4 > 348
609 2 57
536 1 26
468 2 -18
264 1 -77
276 5
135 4 <= 646
267 4 >= 693
842 4 <= 662
222 2 84
82 2 -54
545 3 -12
448 5
337 3 75
162 3 -86
126 1 20
846 1 93
455 5
836 5
332 2 -72
958 5
618 4 != 266
392 2 -14
344 1 -18
801 3 -7
946 2 60
743 1 -75
301 1 -68
950 1 57
71 5
92 3 -44
622 2 86
150 1 -83
316 5
78 5
100 2 -94
272 2 20
375 2 67
974 5
942 5
930 5
485 3 75
564 2 62
373 4 > 587
944 1 -12
585 1 24
671 5
798 4 >= 508
408 1 -6
407 2 -80
742 5
855 4 <= 251
271 5
720 5
718 3 -59
7 2 10
988 2 -35
677 3 26
826 3 -34
618 4 > 902
443 5
154 4 == 819
982 5
482 1 -54
487 1 16
352 4 <= 584
719 3 -50
703 1 61
766 5
959 5
947 4 == 103
986 1 37
280 4 == 211
367 1 -49
642 1 67
256 1 43
679 5
64 2 77
133 4 > 23
127 1 -89
313 3 -85
193 3 20
753 1 43
685 4 >= 933
842 4 <= 468
106 2 -27
291 4 > 476
934 1 23
202 1 -49
398 5
281 2 76
876 5
182 5
636 1 -75
758 5
249 3 62
762 5
400 2 97
292 4 != 866
636 1 -98
283 2 80
304 5
895 4 > 786
628 3 67
978 5
525 5
378 1 -41
754 2 73
402 4 > 743
443 2 -33
620 3 47
345 1 53
974 3 -19
289 1 -30
501 4 == 494
105 1 78
17 2 99
195 1 -74
621 2 -1
57 5
868 5
293 5
969 2 3
789 1 -32
479 5
759 1 66
468 4 != 892
992 4 != 918
535 3 44
80 1 -92
247 2 14
614 5
402 3 66
801 1 25
171 1 -2
78 4 != 529
687 5
360 1 85
597 1 3
292 4 >= 897
453 3 28
142 1 79
919 4 != 376
530 5
503 4 >= 494
939 5
198 1 18
71 5
344 5
203 1 -69
125 1 7
411 1 47
61 1 -14
344 4 > 948
3 2 43
879 3 -69
625 1 -36
535 3 -82
259 2 -84
552 4 > 517
830 4 != 181
969 5
411 3 -11
483 4 != 869
701 2 -31
399 2 -25
456 4 <= 87
921 4 != 741
401 3 51
96 5
764 1 -54
36 2 -51
918 3 -10
353 5
684 3 -19
680 1 -96
623 2 10
92 5
153 5
306 4 == 320
918 5
841 3 27
505 4 > 186
651 2 14
42 5
123 4 != 902
543 1 -26
415 3 3
67 5
133 1 20
511 1 -33
400 1 86
120 3 3
389 5
810 5
718 1 -51
184 2 99
907 4 < 469
378 4 >= 581
322 2 -89
293 5
236 2 -29
890 3 14
852 2 10
385 5
682 2 92
110 4 <= 33
264 1 54
696 3 53
869 2 -84
124 2 -17
47 3 -81
147 2 7
862 1 92
469 1 40
702 2 -23
64 1 13
170 4 < 462
80 4 == 181
928 5
905 2 69
826 4 < 446
558 5
228 5
567 4 == 267
924 5
244 2 94
932 5
459 3 -96
41 3 -81
924 3 59
159 3 83
328 5
365 4 <= 815
587 3 10
766 4 <= 231
744 2 -21
122 2 -31
335 3 60
794 3 -84
636 3 -16
116 2 66
665 2 68
867 2 -38
35 5
877 5
652 5
860 2 -76
759 3 -13
602 1 -69
139 5
871 1 75
327 2 78
776 1 -90
326 5
28 5
702 5
176 2 -100
557 4 < 188
602 3 72
399 4 < 597
189 4 == 676
552 4 < 192
625 5
513 3 -72
772 4 == 813
250 2 89
404 2 29
99 2 58
925 4 > 990
661 2 -11
750 2 -71
388 1 -40
107 5
280 3 53
249 2 71
41 3 30
37 4 > 7
332 4 < 977
642 3 58
957 3 82
64 1 60
887 1 -84
313 1 -32
801 3 40
367 4 >= 729
681 1 -47
718 3 -50
410 4 != 951
475 1 18
156 2 -33
492 1 -86
205 4 < 774
430 5
9 3 -57
170 1 72
700 4 == 433
293 5
528 2 -60
313 5
520 3 -53
640 1 -91
330 1 -66
833 1 -56
228 2 -9
457 1 -36
831 4 == 579
760 3 93
56 4 <= 953
806 1 -69
300 5
715 5
199 4 <= 750
516 3 -60
619 1 -1
371 3 -87
431 2 31
296 1 -46
789 2 79
837 4 < 314
590 4 > 477
160 1 -77
746 2 30
241 2 34
186 4 > 891
497 1 -78
230 4 > 253
516 3 -41
415 3 58
927 1 -20
351 3 -71
701 1 -70
545 3 40
324 4 == 822
930 2 75
481 5
757 4 < 105
961 2 -36
304 1 -84
170 3 -20
489 1 97
458 1 -72
475 2 26
924 3 99
886 4 >= 564
170 1 47
948 3 -3
406 5
112 5
898 4 <= 137
237 3 3
905 3 -97
681 5
863 2 55
68 2 -87
630 5
676 4 > 41
108 4 <= 740
98 1 48
28 1 34
321 3 -91
310 4 > 862
331 5
294 2 48
696 3 -7
787 2 78
860 3 62
508 5
868 3 87
779 4 <= 983
844 2 -23
107 4 > 225
77 2 -44
252 1 67
505 5
333 4 == 712
916 5
849 3 78
744 2 42
294 2 27
653 1 -84
580 2 -4
480 1 55
183 2 -44
939 3 17
236 4 != 851
24 5
319 4 != 198
779 3 -2
772 1 54
789 5
196 4 > 695
42 5
165 3 -63
850 3 67
535 5
839 1 -92
775 5
311 1 63
684 4 >= 365
890 1 -59
341 3 -81
27 4 < 743
282 3 31
512 2 -44
589 1 -12
353 2 -69
605 5
637 1 -54
517 2 80
88 2 42
294 1 -77
902 5
624 1 -32
312 4 <= 361
130 2 5
300 3 -13
627 4 == 58
548 3 97
538 1 -69
683 4 != 540
203 2 14
745 3 -29
988 4 >= 165
507 4 < 480
896 1 -1
861 2 -72
574 2 81
215 4 <= 356
21 3 -16
836 4 < 32
804 1 71
300 5
637 3 47
216 1 -68
137 1 -65
927 1 87
54 4 < 665
166 3 39
434 5
214 4 < 348
781 4 != 63
274 1 -16
572 4 == 786
674 4 < 989
679 3 -98
845 1 -47
669 3 -68
311 2 86
952 5
862 4 != 858
419 3 75
570 4 >= 974
865 1 -53
498 3 61
478 3 35
968 3 -21
45 5
686 5
419 5
986 4 <= 551
926 3 37
808 2 70
289 2 -79
540 4 == 808
675 4 != 629
399 4 != 457
755 4 == 649
339 1 -30
257 1 12
583 2 19
954 1 30
838 1 -6
375 1 57
34 2 -33
803 1 42
781 5
952 3 -32
971 4 != 469
51 4 >= 392
428 2 84
413 3 84
342 4 != 905
450 1 -11
219 5
592 1 -100
21 5
198 5
828 4 > 602
358 5
366 2 -27
140 3 -83
610 2 -83
527 2 70
30 3 67
244 5
649 3 -82
718 4 > 947
728 1 -26
221 3 -37
777 2 95
966 2 -8
896 4 <= 676
237 4 > 667
583 5
450 2 -52
880 5
314 4 <= 773
404 4 <= 544
544 4 < 459
885 1 86
996 2 6
731 3 -73
340 5
68 4 > 344
671 2 81
788 4 >= 224
287 4 > 665
961 4 < 194
283 1 -4
709 3 38
98 3 73
679 4 < 96
656 1 -98
692 5
500 5
845 1 -80
829 2 30
141 2 -93
465 4 == 943
746 3 -95
657 3 40
493 4 >= 843
322 3 -34
654 3 23
259 3 -18
317 5
778 3 -94
765 2 86
824 4 <= 802
422 4 == 379
334 5
6 3 -26
177 5
602 3 -96
321 3 -81
544 3 -22
93 5
647 1 -33
928 5
24 2 -22
782 4 <= 387
57 3 87
611 5
103 3 -70
282 5
249 5
73 1 -40
328 2 -32
570 3 -75
416 3 -88
500 4 > 382
671 3 -16
221 3 48
577 4 == 863
724 2 -90
390 2 -68
174 3 -58
924 2 12
691 3 -5
723 4 <= 970
883 4 <= 514
605 5
482 1 40
651 5
214 3 88
335 1 13
137 3 44
802 3 89
215 5
969 5
821 4 <= 927
41 4 != 728
779 3 15
817 2 -56
6 2 -32
52 3 -18
105 5
54 1 -68
657 1 40
179 2 58
919 3 -94
959 3 -97
613 1 -96
11 2 -29
812 2 2
794 3 12
696 5
818 2 -39
241 3 -95
217 2 -85
729 1 -86
766 5
470 3 -47
727 3 -99
773 1 84
162 1 15
896 5
614 4 >= 285
190 2 -54
693 3 -48
206 3 80
309 1 45
798 2 -94
390 2 4
590 5
246 4 <= 392
197 3 86
999 4 == 867
919 1 91
837 2 -33
299 4 > 517
144 3 72
169 2 61
953 1 29
622 2 70
199 3 -52
377 2 15
777 4 != 805
404 3 -66
448 5
151 5
996 1 -21
647 4 > 754
328 5
686 1 81
714 2 44
158 2 24
892 2 31
415 5
354 1 40
458 5
518 5
558 3 -34
41 5
819 4 == 427
113 5
815 3 2
356 3 48
117 4 != 938
329 5
775 5
498 5
619 2 25
994 1 -96
642 3 19
301 2 -81
884 5
119 2 49
575 1 -77
658 2 83
951 3 -77
42 2 60
578 3 -35
359 2 -84
988 2 28
146 3 -49
95 3 39
640 5
695 1 31
611 4 < 743
974 5
631 5
704 1 -36
782 4 != 680
81 4 < 405
151 3 -49
859 4 == 169
171 5
35 5
461 3 -80
554 3 -97
385 5
216 5
658 5
379 3 -40
907 3 -48
595 2 31
80 1 99
288 2 -30
339 5
162 5
797 3 20
898 4 <= 917
95 2 -45
258 5
487 5
742 5
419 4 >= 142
761 4 >= 468
381 3 -4
766 1 -67
634 2 -1
568 1 -96
118 5
359 2 74
776 2 -81
530 5
252 5
948 1 -3
980 4 <= 573
130 2 13
201 5
105 2 44
812 1 53
741 4 >= 571
942 5
954 1 -78
344 3 61
107 2 -52
456 1 -14
923 5
148 2 -33
193 3 -79
344 1 58
795 3 86
953 3 59
506 2 17
371 3 -31
394 4 > 386
984 4 == 360
446 1 5
984 4 != 395
431 1 -26
462 4 > 568
466 5
403 4 >= 83
147 4 != 817
83 1 68
852 5
325 3 25
882 4 == 721
270 5
596 5
743 4 == 770
631 3 52
417 5
258 3 47
58 3 -1
123 3 33
169 1 0
546 2 -57
239 4 == 643
980 2 86
927 4 == 51
198 5
293 1 -20
593 1 98
135 2 41
434 2 50
944 4 >= 757
906 4 < 921
139 4 <= 811
424 4 <= 887
870 2 30
271 2 29
399 5
864 2 78
288 3 -19
352 3 -31
344 1 83
329 2 -76
607 5
850 3 -24
6 2 -12
158 5
474 3 -18
192 5
316 3 -53
260 2 69
131 3 -76
267 5
524 5
443 2 67
669 4 <= 885
230 3 -69
238 2 7
852 1 38
43 4 != 977
956 4 <= 230
707 3 94
357 2 58
552 4 != 55
65 3 38
195 5
868 2 -35
529 5
426 5
614 1 -16
244 3 83
118 4 != 352
310 2 -65
225 2 28
333 2 54
741 3 -60
830 3 -53
452 3 19
918 2 7
555 2 -8
930 2 28
847 4 >= 212
642 4 <= 34
428 2 38
753 4 != 968
742 5
134 3 -78
315 2 -71
136 4 >= 17
784 3 -15
144 4 != 157
964 3 70
223 3 -36
205 3 2
726 3 74
384 1 56
361 2 -89
100 1 -80
750 1 7
543 4 >= 877
907 4 >= 811
475 5
251 3 -60
447 5
700 4 < 653
176 3 46
588 4 == 62
766 5
921 1 100
493 4 < 397
6 3 76
226 3 -2
325 5
246 2 5
611 3 -75
814 2 20
824 4 < 621
558 1 -12
385 1 6
8 3 96
979 2 -46
744 1 -69
968 5
237 1 -99
371 1 91
193 5
762 3 85
464 1 -48
339 5
840 1 1
208 3 -72
169 2 -58
505 3 -24
341 1 -37
685 1 73
297 2 92
903 1 46
773 2 -14
912 4 < 847
392 4 != 37
40 5
360 4 >= 768
290 2 80
330 3 96
41 4 == 796
274 2 30
764 5
524 4 > 32
419 4 < 933
132 4 < 906
322 2 82
101 1 44
954 4 < 472
772 5
124 5
473 2 77
919 5
694 2 -82
430 3 -13
225 1 -22
426 2 20
676 5
954 4 == 692
495 5
948 5
111 2 -52
609 1 -32
164 5
127 1 4
357 2 -5
620 5
54 3 85
846 1 -11
98 5
810 1 -66
321 4 > 459
605 3 100
432 1 -5
605 2 19
652 3 3
566 3 -18
762 5
297 4 < 80
355 1 -8
709 5
957 2 94
443 2 37
110 1 -46
216 4 < 634
452 3 -59
97 3 -62
593 3 -39
646 5
562 2 -1
951 1 -17
359 4 != 136
373 2 -3
81 2 1
636 4 >= 260
481 4 <= 101
178 4 != 326
364 3 48
475 3 8
326 1 -39
729 3 14
587 1 -61
760 5
649 3 91
33 3 -92
275 5
441 4 <= 932
656 1 26
134 4 > 447
190 4 == 172
173 1 88
843 2 38
846 3 41
462 3 34
723 2 -86
712 5
130 2 29
682 4 >= 915
728 5
538 2 29
160 5
552 1 52
57 2 0
190 2 -81
771 1 68
691 5
966 4 > 40
942 5
713 3 -71
781 3 38
304 1 85
892 2 55
320 2 -56
87 3 -20
851 2 -27
735 1 3
919 5
454 3 81
257 4 < 871
311 2 27
457 3 -44
284 2 -29
632 4 < 466
272 2 -63
275 4 > 567
104 2 -72
359 1 95
20 5
267 4 < 929
114 3 -33
109 2 -51
744 3 -46
127 5
925 2 46
356 5
612 3 -35
371 4 == 186
530 3 -97
941 2 -16
19 2 60
168 2 32
890 1 33
853 1 47
328 3 17
169 2 29
480 4 <= 594
96 1 -58
523 5
397 3 42
295 3 96
829 1 -47
721 5
919 4 == 326
291 5
680 5
235 3 58
655 1 -12
908 3 -82
386 4 <= 160
239 4 != 169
282 2 29
422 4 != 362
950 5
571 3 56
493 2 -35
781 3 82
801 1 40
791 1 66
544 3 2
940 4 == 641
300 1 -1
943 4 == 594
292 5
149 2 25
320 4 < 980
3 4 <= 924
274 5
789 1 35
186 2 0
463 3 26
803 4 < 420
833 4 <= 172
800 5
46 1 -63
161 5
380 4 == 973
356 5
257 4 >= 390
648 4 < 687
64 5
592 2 -71
963 2 13
213 3 43
343 1 63
491 1 -65
832 3 12
602 2 -17
280 5
498 1 -54
565 4 >= 886
710 5
957 4 != 113
484 2 10
715 1 36
522 5
251 3 93
320 1 -10
635 1 93
280 2 -41
642 1 16
257 3 49
596 2 58
948 1 54
457 2 -11
220 4 <= 971
942 1 -73
695 1 -76
691 5
950 1 51
421 3 -52
622 2 -39
649 5
67 5
314 3 78
488 5
266 1 -1
584 5
970 4 == 240
854 4 >= 489
334 1 -66
457 2 43
877 2 21
179 4 <= 153
686 2 7
861 2 -46
281 4 < 619
447 1 -1
210 3 -85
107 1 53
733 2 10
813 1 35
627 4 == 630
377 2 56
584 1 53
989 1 -14
257 2 -9
575 2 59
565 1 -19
622 5
764 4 != 690
350 2 -45
802 5
289 3 -15
295 4 <= 387
757 5
783 1 17
68 1 7
699 4 >= 622
26 3 92
413 5
459 3 82
622 2 10
608 3 6
942 2 4
639 4 > 156
261 2 82
803 4 <= 903
454 3 35
531 4 <= 390
103 4 >= 955
144 3 95
242 1 -89
107 5
173 3 -4
465 2 60
667 5
782 2 15
854 5
971 5
818 2 71
282 5
410 3 -57
508 3 -88
568 1 6
430 2 58
178 1 42
275 3 -38
979 3 16
125 2 40
192 3 54
274 2 -9
605 4 <= 526
785 1 1
279 4 <= 58
593 2 56
572 4 <= 961
66 5
160 3 -23
721 1 -16
796 4 > 645
856 1 -47
88 4 <= 982
334 4 <= 434
320 3 -7
153 1 39
686 5
806 3 -82
945 2 -9
980 3 13
105 3 23
10 4 < 472
572 3 70
987 3 -66
837 2 -100
366 1 -9
815 5
481 4 > 65
870 2 -77
37 3 -58
479 4 > 760
98 2 -58
64 2 -51
624 4 != 460
529 2 4
373 5
207 3 -83
121 2 -54
609 4 <= 238
864 4 > 680
962 4 <= 408
854 5
827 4 >= 915
592 3 -99
210 1 6
501 5
798 2 -75
44 5
910 3 3
391 4 != 375
439 4 <= 28
328 5
358 2 0
224 2 -41
26 4 != 857
181 2 11
355 3 -47
677 1 -19
338 5
240 1 47
84 4 > 155
488 4 > 543
212 1 -32
406 5
823 1 -93
755 3 -95
997 5
27 2 90
534 2 -1
862 1 96
200 4 < 373
986 1 -61
981 1 -28
173 5
891 3 -13
396 4 >= 304
163 2 65
895 4 != 564
165 3 -59
333 4 < 750
59 2 -88
233 1 -36
662 5
470 1 99
143 1 -57
471 1 -62
594 3 85
744 1 90
787 1 -100
973 1 29
704 5
598 4 != 268
251 1 -8
78 2 74
748 5
495 1 20
252 1 33
622 5
283 4 <= 902
817 3 -1
375 5
785 4 != 149
50 3 45
555 3 -61
1 1 -67
639 3 -68
993 1 -24
241 5
773 5
484 2 48
163 2 -94
745 2 -4
606 2 -12
449 1 -88
245 1 32
448 2 93
80 5
720 1 3
586 3 87
898 3 68
950 3 -89
798 5
747 3 83
574 3 -71
320 3 77
203 1 -91
363 2 71
46 2 18
503 1 56
584 3 -51
866 1 91
257 3 -30
24 3 -88
915 2 -97
80 5
103 1 -36
593 5
591 3 -42
166 5
345 2 20
656 3 -60
694 1 67
979 5
215 4 == 692
742 4 == 84
550 4 <= 426
850 4 < 406
506 2 2
465 1 -66
750 4 != 121
398 5
19 2 51
83 5
151 1 24
961 2 69
274 1 -14
552 5
808 3 -46
161 4 != 27
526 2 84
473 2 -77
455 1 79
882 5
532 5
194 5
561 4 >= 113
399 2 80
173 1 83
834 5
133 5
140 3 1
428 4 > 181
614 5
139 5
424 4 < 394
596 5
601 4 <= 250
925 4 == 137
257 2 76
207 4 < 96
515 5
79 5
818 1 3
540 5
961 2 60
968 3 74
269 5
159 1 91
582 3 -64
695 3 -20
970 1 56
58 4 < 467
360 4 == 478
247 5
447 5
669 2 100
308 5
706 5
161 5
594 5
482 5
898 3 -18
404 3 7
486 5
371 5
682 3 55
359 3 -99
455 2 -85
268 5
751 4 == 199
654 1 79
775 2 -87
982 4 <= 232
339 4 > 6
438 2 98
560 3 8
600 1 76
909 2 -33
221 4 > 16
964 1 -28
575 2 35
475 3 53
228 4 > 121
883 4 > 553
43 4 < 828
748 4 == 998
297 1 10
609 5
321 1 -21
889 5
346 2 31
445 1 33
672 5
658 1 85
181 1 -38
373 4 <= 299
849 1 -60
446 4 <= 892
147 3 52
952 3 97
988 3 -48
323 4 < 640
118 5
19 1 92
348 5
957 4 != 250
41 3 52
79 3 -48
825 4 > 250
802 2 -92
339 5
643 4 != 385
422 3 -88
277 2 80
673 3 92
134 3 52
931 1 25
918 4 != 619
828 4 > 402
958 5
924 2 14
17 4 != 424
242 1 21
496 4 < 349
642 3 -12
968 3 95
97 3 37
360 1 71
939 1 52
345 1 -7
662 3 84
491 1 45
680 4 < 955
362 2 -92
275 5
718 3 14
118 4 < 650
79 3 22
903 4 == 965
705 2 -42
363 2 -83
11 2 63
598 1 59
176 1 -21
47 3 -75
138 5
378 4 >= 261
297 4 > 137
896 2 60
124 5
337 1 -93
377 3 -13
960 2 100
746 1 -96
702 4 <= 272
296 2 87
849 1 -1
147 4 > 153
600 4 >= 934
164 4 != 101
988 1 -30
940 4 != 146
780 4 == 31
211 1 -89
786 5
470 4 != 574
840 4 >= 546
47 2 68
691 1 26
919 4 == 633
717 4 > 204
872 3 43
922 5
804 4 > 956
947 3 49
270 3 -1
267 4 <= 890
109 1 63
151 1 50
38 4 < 834
839 5
890 2 -59
593 4 == 433
25 3 -6
156 5
349 3 -13
179 1 36
213 1 -77
341 5
717 1 -10
168 1 -57
141 2 -54
797 2 -71
437 3 69
268 2 -49
0 4 != 662
972 5
49 3 6
825 1 -26
575 5
620 1 72
44 4 > 798
145 2 15
542 2 21
575 1 23
586 1 -18
472 2 46
22 2 41
375 5
359 4 == 572
890 2 54
72 2 77
127 1 68
73 4 < 642
348 2 -63
984 4 != 509
694 2 -67
318 3 78
344 3 -29
707 3 38
103 4 < 176
919 1 -4
609 3 -36
663 1 -80
252 3 -62
721 3 99
127 4 > 905
923 1 40
327 1 55
551 5
69 5
838 3 -56
298 1 84
286 2 57
666 1 -45
137 3 16
519 1 -11
332 4 == 87
215 3 48
180 4 <= 911
11 1 45
576 2 -61
191 3 -55
589 2 -96
630 5
472 4 < 909
570 2 -52
294 2 28
143 1 73
794 4 < 132
557 5
902 1 -90
668 5
892 5
177 1 34
730 3 79
312 2 85
926 2 -68
484 2 52
121 4 != 318
82 4 != 564
614 4 < 58
488 1 37
408 2 -7
837 1 13
700 4 >= 948
823 2 57
99 5
821 2 -58
504 2 -98
693 5
925 3 64
291 5
871 4 >= 973
600 2 79
768 3 14
498 2 23
853 4 < 742
266 3 62
258 1 4
314 5
423 4 == 361
274 5
313 4 != 431
237 4 > 371
712 5
317 5
113 4 > 629
409 1 61
417 4 >= 108
374 3 -7
75 5
621 3 31
773 3 0
148 1 19
256 4 != 393
104 3 -57
662 1 7
586 5
568 2 -55
77 1 60
73 4 > 183
379 2 94
199 4 > 878
702 5
436 4 >= 578
176 5
62 5
752 2 -17
141 2 -41
126 5
775 1 -92
497 4 > 708
597 1 -97
228 3 -2
696 1 85
484 5
736 4 < 882
531 3 -36
725 2 -50
728 1 27
789 3 -20
401 1 46
158 3 79
620 2 88
289 5
944 2 -81
239 5
126 2 2
181 1 11
495 5
913 2 9
487 3 78
752 4 != 796
972 5
415 2 56
40 3 -19
979 4 == 587
942 1 -37
561 5
768 2 -35
291 5
60 4 < 19
947 3 77
679 5
784 2 75
232 4 < 914
642 4 >= 428
841 1 -44
121 5
844 5
515 4 > 168
703 2 -99
94 5
446 3 -63
199 3 -72
472 5
247 1 -53
747 3 41
937 5
993 1 -20
850 2 62
448 2 43
533 4 < 177
280 2 -90
990 4 > 782
540 1 -57
22 5
183 5
447 5
103 5
530 2 -95
94 3 -29
646 3 -32
384 5
931 3 79
217 5
284 5
498 5
322 5
118 5
995 5
655 3 -82
351 1 10
758 4 >= 541
10 5
42 3 -10
186 5
69 3 16
908 1 -2
317 1 7
620 5
760 4 > 891
486 2 -87
103 2 -5
962 3 85
232 5
539 1 65
0 1 34
993 4 >= 765
935 2 39
840 4 > 807
252 2 9
729 2 -65
887 3 78
492 2 99
877 4 > 162
433 4 == 670
2 1 53
539 4 > 57
916 5
277 3 77
760 2 -36
751 3 -60
381 3 -33
58 5
407 4 == 620
344 4 >= 853
730 3 -60
367 1 99
137 3 33
167 2 -45
598 2 -57
376 1 59
551 1 17
416 2 62
306 2 82
539 1 -69
712 4 == 424
373 1 7
593 5
528 4 != 777
840 2 49
472 1 59
508 5
864 4 > 355
108 3 -79
825 1 -63
486 2 -69
340 2 -45
752 1 78
271 3 -23
133 3 76
219 3 35
427 4 >= 718
709 2 98
97 4 <= 178
702 1 50
191 2 59
959 5
283 5
716 1 25
783 3 -62
486 2 -36
4 4 <= 964
415 4 <= 933
916 1 -30
669 4 <= 339
78 2 -98
616 3 -64
639 3 -25
168 2 -93
585 1 -55
934 1 -11
508 1 30
149 3 -22
491 1 -57
925 4 >= 442
727 5
999 5
52 5
504 2 -18
576 5
649 2 -76
247 1 -85
42 3 39
250 1 -76
990 1 -63
921 1 -27
37 2 50
627 4 > 998
202 1 75
12 2 22
691 3 -83
626 5
637 1 93
653 5
696 2 -76
711 5
831 3 73
445 3 -91
88 5
753 5
947 4 > 839
177 1 -56
674 3 91
871 3 -92
524 5
43 4 >= 148
974 5
538 2 -8
96 5
589 3 18
651 5
696 3 44
212 4 != 952
106 4 == 210
227 1 -22
732 4 > 709
354 5
954 1 57
571 5
756 1 56
311 1 -84
615 5
471 5
827 4 < 221
321 4 == 925
606 5
157 4 > 847
550 3 -91
125 5
356 2 6
748 1 -87
700 1 -84
629 3 -3
440 3 -23
201 3 -20
865 1 -98
549 5
931 4 >= 33
432 2 36
1 1 -98
236 1 -91
267 3 -30
739 1 29
172 4 != 319
65 1 25
38 5
732 2 37
752 5
563 5
742 2 -26
535 3 58
427 2 -70
483 5
21 3 27
560 1 50
908 5
167 1 -4
801 2 31
198 1 -78
897 1 -10
335 3 18
658 3 12
509 5
219 4 < 370
423 2 -12
63 3 -39
295 2 97
900 3 23
872 4 != 193
110 5
432 3 52
798 2 -12
715 2 61
380 2 -15
277 2 77
128 4 == 542
667 1 -19
470 3 99
853 1 -50
0 2 67
806 3 -91
3 2 -41
238 4 == 231
99 2 -56
670 5
438 4 == 123
11 1 -60
5 5
552 4 > 470
98 2 -51
216 5
39 3 -62
488 2 64
426 3 -44
745 1 63
448 2 30
318 4 >= 771
22 5
62 5
146 5
258 3 -7
545 5
216 4 <= 26
362 5
431 2 -69
559 1 -6
983 5
230 5
263 3 -69
581 5
777 2 -95
996 1 87
442 1 -15
253 3 -36
302 2 -23
952 3 58
847 2 -29
458 2 -84
278 4 != 693
832 2 -42
330 4 >= 690
473 4 == 442
954 1 28
55 2 62
947 3 -36
501 4 >= 505
971 2 67
34 5
736 4 > 669
892 5
145 2 -25
565 5
120 1 1
160 2 -50
493 2 -4
437 1 14
397 5
607 4 >= 429
407 4 <= 544
361 5
533 5
539 1 69
332 3 32
347 5
69 1 33
829 2 60
529 4 == 514
411 5
497 1 95
637 5
868 5
707 3 -19
987 4 >= 824
227 2 65
991 5
685 5
96 5
355 5
681 1 -93
586 1 12
87 2 -78
563 5
547 1 54
11 4 >= 833
232 1 40
954 1 61
90 5
904 5
26 1 -87
938 3 64
787 3 3
232 3 -97
545 1 20
914 3 -63
535 4 != 23
313 1 -30
445 2 -8
406 1 45
504 5
273 2 -41
941 3 -48
287 4 > 376
539 3 85
241 2 70
350 4 != 295
618 1 52
802 3 -53
597 5
625 4 == 238
633 2 -56
648 4 > 735
344 4 != 901
728 4 > 707
677 4 >= 313
568 5
831 4 >= 70
816 5
887 1 12
604 2 93
382 1 -57
502 4 != 249
878 2 7
626 2 -71
790 2 -14
733 1 73
529 4 <= 101
143 3 1
59 2 -93
761 1 7
906 5
402 1 91
252 1 -39
292 1 5
552 2 28
759 2 -13
421 1 24
267 4 >= 993
556 2 -26
983 4 != 142
890 2 21
25 4 == 464
501 1 24
56 5
41 2 26
966 1 -24
670 1 36
570 2 50
615 4 < 387
33 3 78
367 2 -61
1 2 -49
829 5
463 5
258 5
719 4 == 561
588 2 -34
517 1 26
763 4 >= 307
667 1 -19
458 1 -71
738 1 -14
561 1 14
857 4 == 805
121 2 -76
107 4 >= 301
752 5
549 4 > 634
816 2 37
658 2 -26
194 2 86
691 1 -10
914 5
958 1 -10
402 1 4
136 3 -72
8 1 50
679 5
701 5
317 1 -87
543 4 > 864
297 1 -16
124 4 == 337
563 5
452 4 < 992
670 3 -24
40 2 3
698 5
118 4 != 914
934 1 81
727 2 -58
932 5
671 5
329 2 85
886 1 73
53 1 81
757 3 47
286 1 -96
365 4 <= 548
161 4 > 637
694 3 -56
621 2 -10
386 4 >= 857
695 5
755 4 != 884
776 1 24
199 4 < 819
598 1 29
918 3 -80
500 4 < 380
78 5
38 2 -68
160 2 -61
392 3 -87
283 5
618 4 >= 581
13 1 40
779 5
449 5
1 4 < 322
741 1 64
825 4 <= 403
435 2 -61
851 2 68
62 5
453 5
836 2 84
313 5
990 2 50
126 5
811 1 -29
178 4 != 512
711 4 != 874
41 2 60
928 1 10
548 2 -53
664 3 65
571 1 57
782 3 13
741 4 > 36
658 2 -75
203 5
386 5
379 1 -46
988 1 61
541 3 61
297 2 71
393 1 47
569 3 83
841 5
753 2 -43
710 1 20
24 4 >= 984
42 1 34
943 3 -6
552 5
596 4 <= 47
878 3 -53
396 2 53
253 4 != 552
807 3 34
889 1 -33
743 1 -50
69 4 == 939
40 5
469 5
143 3 49
341 5
583 4 <= 824
645 3 -36
848 2 66
955 2 31
453 4 >= 949
887 5
245 1 17
926 5
868 4 <= 203
881 2 -33
547 2 -26
339 3 76
707 5
275 5
75 4 >= 253
308 4 <= 690
475 4 < 331
305 4 <= 880
532 4 == 901
378 5
798 1 68
794 2 87
919 5
236 5
186 5
474 1 -61
935 1 11
576 5
585 1 -50
329 4 != 678
617 1 -77
621 3 21
942 5
251 5
545 4 == 408
75 5
524 3 53
400 5
686 4 != 660
485 1 27
223 1 -35
584 1 87
26 1 32
90 4 == 807
863 1 64
948 1 -70
742 3 88
479 2 57
937 5
616 3 -61
242 4 != 651
271 1 28
327 2 39
509 2 83
764 1 -61
234 2 37
567 1 88
563 2 59
983 3 -85
504 2 39
684 5
837 4 > 43
765 2 -9
170 1 -82
360 5
440 3 64
32 2 46
29 5
426 5
848 2 -5
356 3 7
783 1 -61
651 3 -17
464 5
179 3 76
144 2 -85
419 4 != 89
727 3 -61
131 1 -81
378 4 == 776
816 5
880 3 4
860 4 != 180
931 1 61
412 2 78
977 3 21
950 2 -59
454 1 -36
554 1 9
942 3 83
245 4 != 923
123 4 <= 542
433 1 75
595 3 70
261 3 57
325 3 97
639 3 -56
50 2 -70
388 3 -28
38 2 48
186 3 -61
568 1 47
922 4 < 152
591 1 -29
378 3 43
243 1 -92
791 5
809 2 42
550 5
268 2 0
598 2 40
102 4 >= 30
818 4 == 110
780 3 87
967 3 -4
395 1 35
975 1 -75
429 2 33
471 2 -68
273 4 > 579
24 5
207 3 -100
428 3 75
430 3 19
777 1 86
39 5
146 1 72
580 3 77
274 5
659 3 79
104 3 -46
812 5
681 2 -51
875 2 -22
673 2 -35
924 3 -75
274 1 12
200 3 -93
181 1 -17
695 4 > 812
888 2 78
380 5
351 1 87
20 3 -71
986 1 44
256 2 100
349 2 -36
71 2 4
257 1 -12
23 5
884 4 > 737
623 2 -83
985 4 >= 607
896 4 == 972
564 4 <= 567
756 1 -5
705 2 -41
77 4 > 858
448 3 -91
979 1 -92
219 4 > 842
548 2 -59
92 5
297 4 < 97
946 3 -45
428 4 >= 952
887 1 -67
161 1 -77
110 5
138 1 90
956 1 94
997 3 -49
816 2 -50
658 4 >= 502
878 3 -79
707 3 -21
412 2 55
174 3 74
691 4 != 150
153 5
737 1 19
986 1 -52
666 2 -31
780 5
348 1 -13
877 1 31
927 3 57
744 2 85
691 1 -2
218 1 52
684 5
147 3 26
576 3 20
24 4 < 57
941 5
95 1 3
788 1 55
313 4 >= 215
885 4 == 395
49 2 92
176 1 38
935 2 15
312 3 -52
688 5
497 3 82
597 5
183 1 26
80 3 66
259 1 61
231 5
394 3 -75
455 5
362 1 -67
415 5
360 4 >= 372
127 4 >= 856
978 4 > 904
452 4 == 628
433 1 -76
925 5
463 1 -14
838 4 != 830
715 1 96
293 4 < 128
128 3 -60
749 4 >= 640
46 2 -46
611 3 77
765 4 == 165
368 1 24
170 5
800 5
130 2 54
841 4 != 756
95 2 -21
346 3 -20
415 5
986 4 == 692
46 4 <= 229
927 4 < 598
93 2 -23
451 4 >= 677
229 4 != 341
601 3 -44
124 1 11
52 5
292 1 32
83 5
824 5
951 5
527 5
561 2 19
412 2 -27
735 1 35
655 2 19
400 4 < 839
227 5
341 1 -23
418 5
567 5
409 3 -24
249 5
445 4 >= 579
47 1 8
765 4 <= 766
595 5
884 5
682 4 >= 104
299 1 77
758 3 7
479 5
716 2 4
243 5
769 3 -50
156 2 44
918 1 69
709 5
508 1 -61
147 5
367 2 -71
112 1 58
980 1 -74
4 4 < 934
162 3 -55
922 3 -65
937 2 -10
903 3 -98
657 4 >= 5
0 3 58
457 3 85
256 2 -89
813 1 67
175 1 -73
337 4 > 727
61 1 94
874 3 -75
68 2 33
572 2 41
811 5
706 3 -32
186 4 == 88
994 3 -36
448 2 -22
409 3 -17
857 3 -21
309 2 -42
978 3 23
198 2 -50
897 5
617 3 -63
13 1 -86
859 3 -57
599 3 -21
889 4 == 977
931 3 95
459 4 == 853
446 2 49
374 2 -75
457 3 -10
145 2 81
820 5
54 2 -20
910 1 5
54 1 -88
963 4 < 857
355 4 == 627
10 4 >= 231
523 5
993 3 -76
468 1 -85
499 1 -18
16 5
476 3 -75
664 5
696 1 21
234 4 > 727
288 1 -10
115 2 -71
622 5
30 2 -4
402 4 == 56
156 2 30
232 3 1
277 4 <= 91
358 4 >= 10
249 4 <= 468
774 5
305 1 41
571 4 <= 166
614 4 == 625
428 3 95
746 1 19
766 3 55
527 1 38
329 2 -11
266 1 -64
290 2 -29
884 4 != 212
207 2 39
433 3 -30
693 3 -48
719 1 -35
98 2 81
908 5
944 5
613 3 57
47 1 83
208 1 -62
232 5
7 4 != 177
936 3 -6
961 3 -54
971 1 41
991 4 != 830
920 2 89
318 2 51
136 2 15
185 5
510 4 > 86
752 3 -74
449 4 > 95
162 1 88
676 3 52
321 4 <= 342
5 3 32
513 1 -23
864 5
274 2 68
604 2 11
548 2 -21
629 1 -36
658 1 99
516 4 == 172
787 3 -31
400 1 30
313 2 20
448 3 50
824 2 21
509 5
474 3 -80
117 3 -94
321 5
220 3 -4
794 5
768 3 -58
481 2 40
775 5
227 1 -84
50 2 -8
883 4 == 50
100 1 -96
27 2 -48
796 5
850 4 > 505
788 2 89
63 1 95
462 4 < 728
819 1 -7
134 5
592 2 51
911 5
5 1 -53
491 4 == 702
286 4 != 62
946 5
681 4 == 658
389 4 != 307
42 4 == 549
61 2 -9
696 4 < 658
962 2 -95
44 1 -96
978 3 -2
367 3 8
626 3 -89
247 5
591 5
254 1 8
971 5
562 5
524 5
83 2 20
36 3 -55
951 5
765 3 -73
639 5
488 4 != 552
9 5
155 2 -15
557 2 -31
518 4 > 431
440 5
708 1 -60
623 4 < 324
388 5
757 5
193 2 1
998 2 41
122 1 81
53 1 -18
329 2 28
472 4 > 466
889 5
445 2 -63
950 1 78
464 5
816 5
506 2 -65
402 2 20
245 3 81
363 1 -16
399 5
378 5
616 4 == 46
57 4 >= 705
568 3 27
279 1 -15
510 1 -100
654 4 < 722
125 4 < 869
778 5
33 4 <= 430
686 5
966 5
31 4 == 493
180 2 6
30 5
597 5
406 1 -44
579 2 30
351 1 -39
33 3 10
872 3 -25
992 1 -33
915 1 100
494 5
669 1 19
490 5
661 4 >= 606
582 4 <= 126
649 4 < 262
383 2 -15
386 2 42
744 5
543 4 == 649
904 2 40
270 3 6
462 3 38
640 3 39
778 2 -21
339 3 75
3 1 48
515 2 74
615 5
571 3 97
985 4 >= 661
902 5
13 2 -4
513 5
484 2 -88
168 3 -3
685 4 <= 727
91 2 49
19 1 95
300 3 59
721 3 77
744 5
863 2 -83
178 2 -52
517 5
427 3 -92
452 5
473 2 -99
54 1 -22
735 4 == 260
653 4 < 394
422 1 -56
739 3 -94
5 5
697 1 -21
223 3 -98
138 2 -69
924 3 49
785 1 -80
97 2 42
499 2 -89
140 2 -31
816 2 -75
344 3 -67
901 5
435 3 -21
982 5
269 5
772 4 != 400
688 5
875 3 -50
611 2 66
603 5
138 2 -85
626 2 -82
509 1 53
183 4 >= 874
275 1 -82
108 1 47
750 5
127 5
135 4 >= 479
117 4 == 227
715 3 31
729 3 89
335 2 95
841 4 <= 682
679 1 -92
128 5
951 2 -89
31 1 53
471 4 != 113
226 2 44
765 4 <= 135
914 2 -73
937 1 -48
204 1 34
766 3 -47
751 5
440 1 -15
323 4 < 770
863 1 -72
147 5
596 4 >= 912
441 2 2
239 2 -33
185 2 -87
384 3 -30
560 4 != 429
62 3 89
942 5
702 3 -70
439 4 == 42
408 1 -38
924 4 > 672
689 5
755 1 -8
325 2 -16
68 4 > 675
601 5
478 3 14
441 5
561 5
664 3 -44
594 5
350 4 == 864
997 3 26
252 3 43
403 2 -97
401 1 -4
303 2 -60
311 3 -6
50 3 -60
28 4 > 988
972 3 -41
599 1 -77
25 2 -40
933 5
525 1 -20
464 3 81
379 4 > 473
110 2 72
232 4 < 37
893 5
1 4 <= 891
750 2 22
597 4 > 382
78 5
658 4 < 630
439 5
669 2 -18
559 5
994 1 -38
537 2 -57
848 1 77
414 5
837 1 -92
904 5
485 3 84
853 3 -3
679 2 32
724 1 42
393 5
167 3 37
318 2 -63
730 2 -85
366 4 > 731
560 3 -89
234 3 99
232 4 >= 526
729 1 52
273 1 -54
222 3 -97
940 2 -26
622 3 -31
984 4 <= 537
576 3 -42
151 3 98
301 4 >= 681
749 5
698 4 > 662
594 1 -51
162 3 50
759 2 98
849 5
778 2 92
757 2 -26
593 5
488 4 > 567
841 3 -99
277 5
834 4 == 227
442 2 6
317 3 -87
297 2 -99
834 3 74
816 4 <= 39
848 1 -29
806 2 -30
577 4 != 566
427 3 -88
421 4 != 801
363 5
121 4 > 776
414 1 94
16 2 -52
769 2 -6
194 2 56
622 2 -66
690 4 < 335
874 4 > 838
952 2 -10
92 5
803 2 -43
994 5
86 1 20
784 2 -43
644 3 -80
522 1 61
219 4 == 521
569 1 9
0 5
898 1 97
639 2 41
674 3 26
89 2 -16
371 3 -97
360 4 >= 808
704 3 25
899 4 <= 293
981 4 == 266
75 5
142 4 > 468
160 4 < 957
390 2 48
404 3 88
506 5
504 4 != 838
523 4 >= 955
174 5
140 5
160 4 != 820
42 4 != 588
581 5
175 1 -41
925 5
486 3 55
422 2 94
825 1 33
696 4 == 83
487 1 50
823 3 -32
393 2 99
916 3 -24
285 3 41
287 3 -83
432 2 41
873 3 -98
422 5
393 1 -45
169 3 49
335 4 <= 549
219 1 13
912 3 -63
591 4 <= 284
700 4 <= 899
429 3 72
472 3 74
452 4 <= 633
653 5
484 5
199 4 <= 625
40 3 -54
488 2 -59
148 1 14
480 1 -78
609 2 -24
462 5
827 5
419 2 30
270 2 94
690 3 61
592 5
600 5
729 2 -73
487 3 24
607 2 60
850 3 -91
417 5
834 4 <= 594
761 5
41 1 -6
830 3 44
598 1 18
922 3 -41
566 1 96
712 3 47
674 2 -100
170 4 != 278
141 4 > 421
397 5
457 5
346 5
750 1 -37
202 3 42
719 4 < 814
599 4 > 492
523 2 26
371 3 65
708 5
844 5
903 4 != 778
874 1 13
894 1 -9
942 1 -59
199 3 6
37 2 -9
176 1 16
28 2 88
631 2 80
831 3 -96
41 3 -20
418 3 12
503 4 > 94
228 2 -94
880 5
657 1 17
12 2 -63
444 2 90
75 1 -65
791 4 >= 227
152 2 -55
216 1 -37
653 2 85
291 1 -95
379 2 -27
790 2 45
66 1 -27
874 4 <= 966
456 4 > 261
430 5
268 2 -40
70 4 <= 477
969 4 > 59
936 1 66
794 1 59
114 5
456 1 -39
240 4 >= 132
571 5
369 5
45 3 37
518 1 65
971 3 -20
410 5
852 3 29
860 2 7
335 1 -62
249 1 -4
361 2 56
43 2 -46
677 3 91
897 2 70
614 4 != 556
865 2 -79
907 4 == 286
866 3 -24
365 3 69
200 4 == 405
380 2 -2
258 5
778 1 11
157 2 57
144 5
959 3 83
909 5
209 2 -69
668 5
763 2 -7
353 3 31
708 3 39
978 5
978 1 65
557 4 > 877
349 5
56 4 != 667
901 1 -69
666 5
290 4 <= 495
67 2 17
754 1 -72
366 2 15
668 5
301 4 > 125
100 2 34
191 3 -32
59 5
493 1 95
418 1 16
138 5
939 2 31
453 2 100
269 2 41
52 4 >= 718
185 1 4
373 2 18
442 2 12
362 3 24
36 4 == 264
406 5
65 3 -9
796 1 -57
379 4 > 626
838 4 < 196
352 5
456 3 -93
547 3 -69
466 3 38
279 4 == 267
553 5
684 4 >= 549
799 2 -17
988 2 -56
677 3 28
941 1 -48
618 2 8
924 2 -60
408 1 -5
688 2 95
803 3 -79
68 3 -1
381 5
580 4 != 164
471 1 -69
102 3 35
225 3 -38
531 4 == 481
177 2 -81
993 5
901 4 <= 219
680 2 -38
337 5
906 4 > 472
799 2 -75
50 3 -22
768 2 -26
686 4 >= 479
664 4 <= 858
860 1 -60
796 1 -59
713 2 46
696 1 -30
211 4 >= 545
331 1 34
56 3 99
870 4 <= 312
938 1 -79
749 1 -100
739 4 != 460
590 1 -73
215 1 82
198 3 70
622 4 <= 486
392 5
461 5
778 1 -54
562 4 == 407
854 4 != 961
895 3 -24
880 2 -8
92 4 != 263
65 5
826 4 == 140
552 4 != 421
431 2 46
581 1 95
939 1 -58
383 1 27
339 2 50
205 3 48
938 5
184 5
892 5
169 2 26
359 2 11
498 4 >= 444
951 1 -60
935 1 -5
537 2 -71
119 1 63
122 2 -40
119 3 77
497 4 == 884
887 2 -85
219 1 -95
97 2 32
50 1 78
692 1 65
343 4 > 867
954 1 -52
725 3 -20
884 3 -63
965 4 > 310
647 1 -38
290 4 >= 215
352 3 -81
417 3 -59
354 2 39
820 4 < 197
350 5
434 3 -72
169 5
986 4 >= 888
489 5
896 2 6
676 4 >= 880
907 2 -67
667 4 >= 595
847 1 -9
583 4 <= 749
900 2 3
22 2 30
354 5
72 3 52
455 2 -100
270 2 62
94 1 -65
318 5
458 1 -8
914 2 -34
336 1 89
85 4 != 141
688 4 > 700
696 5
176 2 -90
409 2 49
615 2 62
24 4 > 554
866 2 -42
225 1 4
583 4 == 776
1 1 -77
338 2 78
526 1 18
89 4 >= 478
467 4 > 851
695 2 68
40 2 89
245 2 -6
55 5
744 4 <= 842
408 5
838 1 30
84 2 70
322 1 -61
610 3 55
426 5
251 4 < 449
176 3 -20
573 3 -20
619 3 -17
984 5
363 4 <= 501
113 2 10
232 2 -27
31 3 69
974 5
522 5
106 4 <= 296
553 2 24
631 3 -68
74 4 > 180
707 1 -96
694 3 26
308 5
946 1 43
141 1 87
899 3 -68
747 5
326 5
55 2 45
772 1 90
413 5
616 5
122 3 -45
635 2 95
173 3 88
881 2 -90
613 5
809 2 -74
183 4 > 615
787 5
276 2 -14
275 1 -85
77 3 0
258 1 79
584 5
57 1 7
287 2 -64
996 2 -67
645 2 2
55 3 44
564 1 1
56 2 27
710 2 88
354 3 59
113 4 < 832
871 5
434 4 >= 541
508 3 -37
257 4 <= 525
997 3 -47
711 5
37 4 != 488
433 5
667 2 -95
842 5
386 3 11
115 4 > 72
715 1 14
797 1 51
862 1 -87
751 2 -73
390 3 86
241 3 47
651 1 10
554 5
514 1 52
619 5
387 5
767 2 69
440 4 == 528
409 3 -13
171 5
194 3 -72
356 2 57
615 5
760 2 65
498 2 51
890 4 < 701
925 2 0
246 4 >= 810
180 1 -26
752 2 -55
831 3 -40
145 2 -60
848 4 == 664
165 5
124 5
577 4 >= 619
911 4 <= 997
465 3 45
511 5
23 5
7 5
351 2 31
537 5
226 2 60
768 2 -93
83 1 15
710 3 47
347 3 47
32 1 60
735 5
297 2 73
590 3 41
639 3 26
695 1 86
907 3 49
449 5
164 3 -11
669 2 77
320 5
309 1 -59
804 1 -96
943 2 -40
460 4 < 140
951 3 -27
227 3 90
381 5
21 1 -7
691 2 -78
359 4 >= 584
392 4 <= 345
784 3 -11
121 5
175 5
238 4 < 280
446 3 -41
766 5
440 4 == 927
399 5
399 1 15
752 5
175 5
60 2 -49
909 5
477 5
788 5
382 4 <= 954
860 3 23
104 2 -88
666 3 -13
577 4 >= 830
319 2 49
526 4 <= 870
357 4 != 0
271 5
879 5
457 4 > 751
380 3 -26
237 3 -84
997 4 > 583
858 4 >= 410
697 2 -79
595 5
499 1 -65
224 1 -80
788 1 -93
261 4 == 653
129 3 -11
778 4 < 784
452 1 2
300 2 -49
200 4 < 294
267 3 -67
55 3 -40
368 3 -39
455 1 -69
935 2 -21
742 1 68
517 1 -29
500 2 71
599 2 -25
953 4 >= 749
946 5
365 3 -45
581 1 -39
606 5
683 2 -6
79 5
474 3 78
498 3 78
688 2 75
675 4 > 970
261 4 <= 757
214 2 77
854 2 5
336 1 -44
767 4 != 572
632 1 71
905 1 -87
204 2 -90
368 3 -53
815 2 -19
879 3 54
933 1 -46
842 1 70
351 1 -1
182 5
842 3 -6
581 5
985 3 -91
830 1 65
969 4 != 136
738 5
252 5
408 5
629 3 45
637 5
844 2 52
496 4 != 118
645 4 != 15
879 3 84
822 1 -37
265 1 48
359 5
57 3 -27
247 5
899 3 -19
906 3 -57
812 2 56
36 4 >= 893
371 3 -3
776 3 -21
142 5
456 5
961 4 > 480
148 5
834 4 > 569
15 2 -12
203 3 24
915 5
947 1 -86
862 3 32
910 2 -25
593 5
15 1 -47
738 1 51
709 3 19
623 1 57
318 1 61
880 2 -8
999 5
93 5
319 4 > 515
749 5
816 5
16 3 -83
850 2 93
187 1 68
109 2 -90
869 4 < 16
127 2 46
510 3 -57
206 4 == 432
678 2 -10
943 5
975 4 < 777
928 5
726 1 39
574 3 -3
45 4 >= 216
614 3 63
228 1 69
659 4 < 983
717 3 92
85 5
92 4 < 349
864 2 0
402 3 56
33 5
14 4 > 981
830 2 -81
180 3 -52
88 3 18
867 4 == 218
978 4 >= 151
277 4 >= 698
618 4 < 34
151 5
67 1 -77
678 3 -98
826 5
257 5
403 4 >= 540
386 3 79
454 5
882 4 <= 575
781 3 -10
474 1 -8
827 2 -57
121 1 79
569 2 85
855 3 75
347 2 -97
239 2 22
752 4 <= 896
643 5
20 3 -50
438 3 49
353 2 79
839 2 -31
963 4 > 218
496 3 -86
846 3 -100
208 5
770 4 < 690
132 1 67
360 1 84
991 1 97
232 2 -67
953 4 == 454
992 4 < 147
139 5
685 5
45 1 46
114 5
917 2 13
321 1 34
713 5
453 2 98
158 2 88
253 1 -29
982 5
131 4 != 642
758 1 14
704 5
61 2 68
66 1 44
721 5
354 4 == 890
516 2 83
5 4 < 574
981 4 <= 549
119 3 71
754 2 23
348 2 5
2 3 -15
504 4 != 795
781 2 50
784 4 != 181
189 4 > 676
18 5
825 1 -71
596 4 <= 249
291 1 50
942 1 83
260 4 != 680
355 4 != 185
850 5
785 2 59
942 4 == 328
99 4 > 155
811 4 > 251
741 4 != 647
848 1 -89
202 4 == 335
283 2 74
902 1 67
441 1 -62
619 1 -67
145 3 -75
442 2 17
673 1 0
694 3 31
911 1 -42
438 4 >= 901
333 3 10
132 3 -96
746 3 -61
323 2 89
626 2 23
955 5
151 1 -51
902 4 > 18
188 3 29
623 2 55
55 1 76
423 4 <= 438
151 1 -68
704 1 -6
307 3 43
892 3 -28
727 3 -72
8 4 > 151
427 5
952 1 66
645 1 -99
98 5
937 1 -79
695 1 73
951 3 -61
186 4 >= 808
861 1 -52
353 1 20
288 2 -36
263 2 -77
3 5
485 5
554 4 == 530
983 3 -97
447 1 -100
678 5
542 3 -91
487 2 -16
818 2 88
826 2 52
493 4 < 18
926 4 < 477
100 3 -76
51 5
520 4 >= 714
687 2 94
96 2 -68
466 5
662 2 -9
616 4 > 288
639 1 56
239 1 -36
552 2 95
134 1 4
252 1 35
582 3 -56
690 4 == 433
203 3 61
26 3 -26
479 4 >= 625
968 2 -34
264 5
432 4 <= 141
747 4 == 84
193 4 > 152
31 2 12
909 1 -23
625 1 -27
194 3 15
760 5
910 1 -88
56 3 64
384 1 -98
173 2 36
223 1 23
936 1 46
410 4 != 741
814 4 <= 315
888 1 68
548 2 -47
784 2 47
624 2 -43
163 1 -94
188 5
993 2 -56
329 2 54
496 3 10
930 2 50
307 2 99
298 2 -90
957 4 == 310
469 3 79
31 2 23
105 1 -26
670 4 <= 105
896 1 24
704 3 91
284 5
80 3 -30
856 1 1
999 2 -85
807 5
231 1 11
546 5
772 2 44
839 4 <= 436
626 4 == 705
823 5
84 4 != 766
343 2 -53
105 3 83
349 3 75
854 5
818 1 89
306 5
788 3 -27
490 5
354 4 == 833
923 3 -86
596 3 2
658 2 42
495 1 -36
917 1 17
367 3 38
896 5
999 5
873 3 3
185 2 98
251 3 -83
794 4 <= 679
360 3 -90
339 4 <= 607
754 1 95
598 3 -43
992 4 <= 97
541 3 31
799 4 < 456
74 5
784 2 -61
953 3 -70
703 3 -71
69 3 74
330 2 -14
784 4 < 862
632 3 -26
64 2 -25
898 5
500 3 96
742 4 <= 764
583 3 79
95 3 -42
346 4 >= 257
884 2 -70
20 2 41
613 3 -83
429 3 -69
947 2 26
97 1 78
599 4 < 309
233 5
521 1 -83
432 1 -46
978 2 18
762 1 -21
515 5
639 1 -34
7 2 -80
441 4 >= 187
364 3 65
275 3 65
301 3 -66
612 3 16
94 1 -30
516 2 87
541 3 66
891 4 != 457
964 5
892 3 -66
174 4 == 424
399 1 34
251 1 68
876 4 >= 184
294 2 -64
641 2 -55
550 1 -86
146 5
547 3 -57
263 5
236 1 -55
606 5
155 5
540 5
45 3 62
207 4 <= 313
928 3 57
902 3 9
916 2 -89
883 1 37
709 2 83
83 4 != 339
753 5
475 5
648 3 16
837 3 -29
184 4 != 314
3 3 -13
747 5
343 5
308 4 >= 885
841 4 == 353
866 3 92
387 5
520 3 84
231 2 11
616 5
581 4 > 471
296 2 4
655 5
36 2 98
123 4 != 141
738 2 59
702 3 15
72 3 -45
852 4 != 983
172 1 -11
308 1 -2
949 4 >= 249
27 4 <= 525
451 3 -85
321 2 -7
578 3 45
191 2 78
953 3 -12
832 3 -66
913 5
280 3 -23
41 3 -18
951 1 77
470 5
347 3 16
648 5
278 2 37
773 1 -40
915 3 67
15 4 <= 187
227 1 -50
331 1 64
828 4 >= 217
906 5
92 5
520 4 != 930
222 2 -62
130 1 -75
587 3 -31
122 3 -72
564 4 <= 645
941 2 -74
785 3 27
141 2 -58
863 2 -54
111 5
71 5
590 4 > 103
273 5
754 5
236 2 56
566 1 23
864 3 -28
544 1 33
763 3 67
909 4 <= 957
198 5
412 2 96
844 1 -92
671 1 -50
429 1 88
647 3 -42
941 2 -4
132 4 == 777
985 4 > 805
341 3 48
873 5
146 4 <= 221
374 1 -56
825 1 -8
930 3 -38
348 3 -70
44 4 >= 954
50 4 <= 630
537 3 -95
869 3 94
109 4 != 447
600 1 89
309 1 -60
280 2 23
321 1 40
787 4 < 383
855 2 -100
413 3 98
236 1 36
635 5
822 2 11
995 1 88
264 4 >= 96
895 2 63
322 1 -83
528 4 != 469
567 3 52
384 2 86
640 4 == 894
311 1 13
303 4 <= 511
469 4 != 597
928 2 -63
678 3 -61
813 5
811 4 != 529
395 5
754 1 9
74 4 == 417
91 4 > 457
60 5
798 1 -70
608 4 == 615
667 3 38
176 4 < 944
660 4 != 284
199 1 -99
389 4 > 243
893 5
456 3 -42
995 2 12
808 1 -57
844 3 -89
527 5
794 1 65
544 3 -19
812 5
173 4 < 143
105 2 -71
668 2 -32
417 2 -11
682 1 -23
129 2 27
67 2 -10
638 4 < 444
129 2 34
884 5
866 4 >= 569
157 4 > 53
569 1 1
559 1 94
27 4 < 85
718 2 -71
291 3 -28
749 1 96
292 5
65 5
809 2 58
678 3 57
673 5
702 5
467 4 < 959
532 3 12
126 5
579 1 1
950 3 -39
238 2 -90
555 4 == 261
220 5
686 4 > 334
321 2 26
413 2 68
864 4 > 471
806 1 -56
834 3 -37
377 5
149 2 -34
605 2 39
768 1 -68
891 3 1
470 3 -61
357 1 88
527 5
188 5
867 3 -38
922 3 5
836 3 -63
788 5
746 4 != 344
235 2 -71
327 1 -91
965 4 <= 625
154 2 55
562 5
959 4 != 29
255 1 52
537 4 <= 417
421 1 2
211 1 61
321 4 == 358
161 5
159 4 >= 673
157 5
296 5
521 2 83
464 2 -59
831 3 49
99 3 -92
351 5
267 5
786 1 70
467 3 -77
428 1 -88
550 3 54
558 2 67
611 5
934 2 -12
786 1 -19
701 3 -70
780 2 -99
628 5
607 2 -90
66 2 -95
811 4 == 108
94 1 56
111 1 85
290 2 76
450 4 <= 988
954 2 -69
536 5
677 1 10
884 1 -66
873 3 78
645 2 9
420 2 97
479 2 -36
516 3 90
795 4 <= 712
537 1 -86
255 3 -13
341 4 == 891
845 2 -20
870 4 != 577
893 1 76
414 1 -87
533 2 -38
122 3 -58
122 5
105 2 -28
562 5
801 3 58
360 3 4
204 5
100 2 -80
704 3 49
185 5
213 1 9
69 4 >= 351
276 1 86
615 3 23
691 3 32
826 4 >= 892
84 1 -29
754 1 50
167 1 -19
45 4 >= 197
465 1 12
76 5
560 2 -92
902 2 -17
327 1 13
728 4 >= 363
627 2 22
727 3 -69
642 3 -53
880 3 -35
99 5
675 2 -82
261 4 < 326
912 3 20
669 4 <= 719
296 1 4
393 1 13
298 3 17
184 4 == 71
12 5
359 4 < 785
937 1 -34
517 2 80
536 2 72
137 1 -87
725 2 -36
340 4 == 593
307 5
822 2 -28
471 5
933 4 < 685
972 1 66
297 4 == 438
172 3 16
147 2 -57
385 4 <= 254
965 1 61
614 5
541 3 50
773 2 -66
39 4 < 176
775 3 70
89 1 -60
888 3 23
886 5
499 5
8 2 -81
751 1 -62
609 3 98
437 3 -56
512 5
568 1 8
239 2 6
502 3 78
820 4 <= 448
115 3 -40
366 1 85
573 5
602 5
986 4 <= 977
801 1 10
741 4 != 850
235 2 -89
436 2 -66
150 5
778 4 == 362
143 4 >= 588
775 1 -81
578 2 -5
619 4 <= 610
802 4 != 176
145 5
931 2 32
230 4 >= 639
783 4 != 238
215 2 46
933 5
384 1 100
710 1 -6
409 5
623 2 -4
435 4 <= 694
976 1 -75
773 4 == 427
64 3 -24
247 1 13
596 5
49 1 36
514 4 >= 64
631 4 != 672
350 2 2
332 4 > 14
393 3 -78
494 2 -40
777 5
97 3 -48
85 4 >= 178
50 5
999 4 != 361
651 3 37
88 2 39
944 2 -48
553 2 23
983 5
397 2 90
334 5
418 4 <= 387
105 3 -24
664 1 -21
511 4 >= 850
97 5
881 4 < 500
519 1 -75
42 2 71
300 2 64
258 1 92
360 3 -14
603 2 -22
636 5
82 3 79
214 5
980 2 91
704 3 -8
255 1 30
395 5
394 3 53
456 3 51
816 4 < 557
879 4 == 474
435 4 != 870
599 4 != 346
149 4 < 318
520 4 >= 449
787 5
814 2 -41
233 4 < 55
534 2 4
131 4 <= 702
859 1 14
4 3 -39
404 1 -82
20 3 89
479 4 != 947
871 5
137 1 -79
813 2 -39
195 4 >= 605
521 2 -9
232 1 80
384 1 52
421 3 91
754 2 50
613 5
286 2 -51
495 1 -83
471 3 -40
291 1 -57
77 3 70
353 1 -43
891 3 87
733 4 <= 447
150 5
491 2 100
351 2 -56
278 1 38
85 1 73
635 3 -87
739 3 35
566 1 -36
586 3 -45
984 5
659 3 -86
61 1 58
615 5
765 3 60
165 3 75
510 3 60
8 2 -78
321 5
667 4 > 133
184 2 -90
345 4 != 250
539 2 58
721 4 > 285
399 4 != 647
519 4 <= 846
538 3 -4
962 5
287 4 != 680
917 1 -45
18 1 -68
45 4 == 913
935 5
226 3 77
984 2 85
619 5
381 1 24
15 5
855 4 >= 810
254 1 -61
552 3 17
456 3 -51
313 3 42
312 1 -7
797 2 85
492 5
345 1 40
636 4 < 979
70 5
460 5
857 3 -95
305 3 89
505 4 >= 590
782 4 > 485
831 3 87
597 1 -100
467 1 -61
668 1 -89
411 4 != 21
16 2 21
260 5
101 5
542 4 != 439
495 2 17
752 1 -1
993 4 == 825
938 2 57
834 2 -21
615 5
993 5
268 3 90
846 3 29
979 1 50
858 1 -76
939 5
282 4 >= 55
731 1 20
967 4 >= 479
766 4 > 186
366 5
154 2 -72
204 1 -80
841 2 58
987 3 -84
800 4 <= 694
498 2 -58
721 3 -41
792 4 != 486
192 2 -63
415 1 0
643 1 -46
956 4 == 488
209 4 <= 199
272 3 -80
611 4 <= 265
135 5
383 4 != 508
793 3 82
533 4 < 652
582 3 -71
129 5
125 2 5
650 2 -11
195 5
759 1 60
179 5
765 2 44
365 5
748 4 == 876
319 2 -12
935 2 -46
132 1 -96
453 2 -62
871 3 82
470 4 <= 63
987 2 -22
292 2 -19
972 3 -96
384 3 87
438 4 == 108
287 3 0
214 1 6
757 4 >= 947
218 5
604 3 36
935 5
452 2 -82
779 1 -93
551 4 != 878
470 4 != 353
421 3 80
328 4 != 766
431 3 -94
40 5
199 3 95
292 5
365 4 <= 568
355 3 -66
626 3 -78
745 3 78
93 2 70
230 5
261 1 36
207 5
697 3 -41
301 3 97
819 3 13
190 2 -61
791 1 -92
433 5
705 2 -62
452 1 70
869 5
208 5
71 1 59
169 4 > 885
969 5
278 4 >= 323
744 1 -37
8 5
169 1 -69
76 5
714 2 -19
693 4 > 870
494 3 71
379 2 -23
642 3 0
353 1 -95
108 1 7
560 4 >= 780
8 3 -19
331 3 93
363 4 < 785
943 2 -58
426 1 -15
885 5
912 4 <= 644
798 3 58
987 4 <= 282
125 2 -54
989 4 == 983
375 2 9
712 5
429 2 -90
268 2 56
445 1 63
101 2 -8
893 3 -35
960 2 44
435 2 87
137 3 -80
753 5
672 1 69
967 1 77
123 2 30
303 5
691 3 -66
544 2 93
301 4 <= 805
84 5
623 2 -18
290 3 -50
831 2 94
932 3 -1
93 2 -32
675 3 47
773 4 >= 750
928 1 -4
426 5
583 5
559 1 7
50 3 49
581 2 -38
671 2 36
65 2 20
15 5
892 4 <= 206
904 3 -65
755 5
329 2 -39
285 1 -66
599 1 1
930 4 != 497
16 3 1
350 3 80
883 1 11
199 5
683 3 17
338 1 96
401 1 10
527 2 47
874 5
263 4 >= 633
321 1 4
7 2 96
634 3 35
355 2 62
247 1 34
531 1 -76
207 5
205 4 < 81
502 2 1
445 5
944 3 -40
590 1 44
740 1 -89
641 2 3
539 2 -71
676 3 93
2 1 -37
151 2 -52
976 4 < 258
90 3 -31
14 2 -81
121 3 55
486 4 == 247
320 3 -40
712 1 9
746 4 > 988
828 2 -88
439 4 > 817
711 5
613 2 -95
251 5
146 1 63
207 4 >= 900
269 5
146 4 < 735
230 4 >= 191
73 3 -84
62 2 -82
27 2 -55
192 5
682 2 -28
301 4 == 940
429 5
344 2 -9
949 3 -52
480 5
416 4 > 825
704 3 16
265 3 -5
821 3 -99
279 3 8
416 5
929 4 < 900
948 3 -7
142 2 -99
58 1 2
261 4 != 921
250 4 != 414
229 3 50
906 3 75
77 2 -90
508 4 > 650
807 3 57
263 3 -90
811 4 < 788
308 5
701 4 <= 576
806 2 46
410 4 != 926
400 2 -62
282 1 37
301 5
1 2 54
403 4 != 882
543 4 == 257
276 1 31
796 1 -82
334 2 14
476 2 -62
845 4 == 758
534 2 39
755 2 32
524 4 != 619
537 2 -14
538 3 25
66 4 != 194
620 3 -33
947 3 50
759 2 -98
530 2 -72
434 3 -80
284 4 < 503
394 3 -98
492 4 <= 674
413 2 80
816 4 >= 751
179 3 -74
436 5
641 3 44
510 5
446 4 != 876
955 5
787 4 != 811
292 1 -81
818 3 86
894 5
886 4 <= 207
72 3 -60
705 1 -92
553 3 -80
568 3 -36
394 4 >= 96
969 3 -73
344 2 48
819 4 == 603
576 3 72
815 5
871 1 -41
906 1 -62
534 1 27
583 3 -74
124 1 80
391 5
9 5
180 2 -83
664 5
242 3 -24
480 1 -70
224 5
127 3 43
63 4 < 994
992 1 38
628 5
345 1 90
274 5
161 4 >= 578
803 1 -88
229 3 6
323 1 -23
873 5
5 3 -10
273 5
141 3 -94
492 3 -43
73 1 -19
910 2 -65
31 3 -93
226 5
357 5
569 2 96
977 1 62
809 4 < 470
446 4 == 592
554 2 -90
525 4 < 444
136 2 82
609 2 45
434 3 15
892 1 15
591 3 53
717 5
156 2 -93
90 1 -14
145 1 -90
450 3 -72
995 4 <= 940
626 4 != 219
45 2 -20
451 5
92 5
275 2 -71
13 2 -70
296 5
713 1 77
323 5
357 3 71
436 3 -43
7 3 -54
931 1 93
531 3 73
701 5
87 5
698 4 <= 881
425 3 -59
764 3 -68
617 1 65
349 2 -86
560 2 32
202 2 29
428 4 == 168
525 5
686 1 4
725 3 -43
569 1 -61
824 4 == 100
594 3 -34
566 5
751 4 != 305
155 1 -42
192 3 75
183 5
457 1 -70
905 3 89
221 2 69
930 2 90
371 2 11
482 5
435 1 -69
29 4 < 896
287 3 -60
749 4 >= 394
505 3 51
115 3 97
440 4 <= 940
386 3 88
168 3 -25
627 3 55
493 1 53
925 2 -93
321 2 -4
784 2 -17
368 4 != 209
86 4 < 16
737 3 -5
191 2 -70
967 2 4
866 2 7
572 5
967 5
608 4 == 998
60 4 < 942
225 4 != 735
964 4 < 187
55 5
403 2 73
845 1 -92
402 4 < 803
183 2 -16
476 2 23
77 2 -82
159 1 -49
111 2 5
19 5
643 2 -25
91 2 -57
24 4 == 728
570 3 -54
521 1 62
522 2 -50
779 3 69
360 3 23
310 4 < 742
415 3 58
674 4 > 953
245 4 < 106
422 2 -17
228 3 -72
222 1 80
325 2 -6
363 3 -53
861 1 -15
515 1 -88
674 3 47
96 4 <= 168
463 5
551 2 21
402 2 -42
188 1 -60
173 3 54
351 4 < 326
962 1 -61
24 4 <= 730
396 4 != 96
266 1 -68
86 1 -45
431 4 <= 951
179 1 -81
299 3 -69
251 4 > 398
73 4 > 93
71 1 49
545 5
938 2 3
978 3 -52
668 3 51
320 3 48
388 3 -20
44 1 -25
130 2 41
513 1 -13
302 1 -35
58 3 -77
902 2 -15
887 2 15
513 5
782 2 52
601 5
737 2 -25
619 3 24
173 3 -48
335 4 != 900
717 3 94
59 1 -97
678 4 != 469
809 4 >= 155
527 5
835 3 62
461 5
585 4 < 658
749 3 48
693 5
835 1 95
209 1 -66
324 5
929 2 63
300 3 4
436 4 >= 63
476 2 -44
239 5
42 5
682 1 -35
909 1 -4
643 4 >= 296
756 2 -65
427 4 >= 939
638 4 != 644
764 1 92
730 1 73
646 4 >= 920
878 5
355 5
513 3 65
304 1 11
298 1 91
641 1 -6
665 2 69
717 2 93
797 5
228 1 -23
318 4 > 496
423 2 10
668 3 -8
398 3 -63
182 4 >= 622
691 3 53
926 1 86
602 1 74
860 3 94
144 3 -46
588 1 -63
524 2 -84
767 2 46
122 1 -24
954 3 -29
601 2 -89
327 4 <= 973
799 4 < 718
112 4 > 175
849 2 44
163 5
965 5
583 2 -53
967 3 -54
425 5
490 3 93
94 3 1
836 2 -62
154 4 <= 209
84 5
655 2 41
746 5
790 2 13
61 3 71
269 4 > 28
858 4 >= 813
325 3 -5
436 5
607 3 90
683 4 > 834
960 2 -19
881 2 36
258 1 94
371 3 76
26 4 <= 298
894 2 -58
845 2 0
879 2 -49
860 4 != 267
690 2 -76
511 1 6
176 2 35
163 3 35
485 3 -3
728 5
56 2 -12
864 5
944 4 >= 567
688 5
149 4 == 456
698 1 67
533 4 <= 163
362 3 -35
185 4 < 632
136 1 90
310 2 63
898 5
720 1 -11
799 4 > 974
763 3 -89
660 2 0
367 5
148 3 75
861 2 67
543 2 -10
740 1 -92
479 3 92
142 2 -46
365 3 -23
107 1 29
962 2 -74
900 5
930 1 51
524 2 -8
837 3 87
425 1 -37
667 2 -19
644 4 < 82
861 3 -32
990 5
214 1 62
557 1 56
75 5
203 5
169 5
863 1 77
425 1 59
950 2 71
632 3 21
744 2 53
355 5
488 3 -83
967 3 12
478 4 <= 776
187 5
819 2 -19
407 2 21
70 1 39
33 1 63
10 5
26 5
808 5
347 2 -81
552 4 != 512
428 1 68
385 2 53
9 4 < 590
302 5
902 5
351 2 -24
506 3 -62
35 5
928 4 > 715
115 1 -90
431 5
9 1 94
125 3 -48
685 1 -74
540 5
39 5
110 2 20
908 3 73
105 2 47
330 1 75
850 4 < 503
345 1 51
946 3 76
341 3 -56
368 4 > 229
0 2 66
628 5
737 3 7
830 3 35
831 2 52
297 2 22
215 2 63
108 4 > 233
962 4 >= 429
306 5
161 3 71
958 1 -42
62 1 12
587 4 >= 989
248 2 -3
747 3 -60
414 1 98
602 4 <= 265
672 4 > 686
246 1 78
403 1 32
388 4 <= 378
93 3 -11
897 2 -37
218 5
968 2 -100
122 4 <= 931
665 2 -17
790 3 89
811 2 42
998 2 58
618 5
701 3 10
465 1 -4
477 3 53
50 1 44
542 4 != 889
799 5
827 1 83
38 1 71
352 1 -14
236 5
706 4 == 263
385 3 -57
605 3 -48
712 5
602 2 53
576 2 69
584 4 <= 604
665 3 -69
659 5
33 2 -1
995 4 == 798
117 5
210 3 35
446 5
770 2 30
36 2 -10
747 1 9
605 2 36
896 2 7
821 4 != 318
456 2 77
574 3 30
147 4 >= 94
862 3 56
801 5
741 1 -8
423 3 -74
513 5
961 3 35
127 3 24
821 3 80
188 3 94
229 4 <= 882
130 1 -56
150 5
367 1 -4
51 2 -37
244 3 35
234 4 != 412
180 5
198 4 != 651
722 4 < 15
735 1 -5
959 3 -47
669 4 >= 913
131 5
560 1 -96
575 2 55
877 1 99
35 1 -9
431 1 -73
134 3 -48
822 4 < 652
499 3 66
713 5
589 3 -5
349 5
921 2 -43
414 4 == 524
676 2 18
157 3 65
353 4 <= 306
437 5
766 3 -49
208 4 == 441
467 3 48
376 3 -6
634 4 >= 538
172 1 99
718 2 96
770 5
371 4 <= 589
426 2 -28
808 4 > 581
827 2 67
361 4 > 103
948 3 19
887 4 <= 672
224 2 6
183 5
160 2 89
476 5
84 1 68
325 4 != 774
121 4 != 985
493 4 > 478
120 1 41
266 4 >= 104
201 3 51
402 3 -50
122 3 -54
897 4 == 408
132 3 47
630 5
348 2 2
595 1 78
25 4 != 827
406 1 96
178 4 == 100
841 2 -81
977 1 -98
526 2 96
231 4 != 282
208 4 > 561
392 5
25 1 -57
551 3 -1
544 2 -83
617 3 58
234 5
298 3 22
606 2 -57
384 5
154 5
336 4 < 26
114 2 -51
501 3 -20
659 2 -85
886 5
808 2 46
480 4 >= 843
148 3 83
358 2 30
948 5
844 3 4
578 4 >= 451
436 4 < 662
531 3 31
127 5
549 1 -70
186 3 -6
368 1 77
852 2 15
776 4 != 970
776 1 -63
352 1 -59
1 3 -65
728 5
820 1 -11
592 3 36
882 2 -39
703 3 79
903 4 >= 151
474 1 80
185 2 -45
458 4 == 926
214 4 == 766
556 4 <= 990
868 2 -17
698 2 -25
991 2 95
654 2 38
313 3 -17
689 4 != 890
127 4 <= 290
535 3 -8
235 4 != 667
651 4 <= 873
457 2 0
746 2 -46
849 5
665 3 11
0 4 == 27
243 3 36
262 5
410 3 -50
177 5
972 1 57
401 3 -51
592 5
604 4 == 391
601 5
96 2 -66
581 1 64
798 1 80
594 3 -89
465 4 <= 450
984 2 6
888 1 10
221 1 90
72 4 == 993
51 2 -64
719 4 != 893
423 1 -56
797 3 -31
833 2 -52
218 1 94
253 2 59
214 1 61
96 3 -66
563 1 -52
994 1 -36
735 2 48
952 1 -12
354 3 61
122 5
218 2 4
746 3 -31
253 2 65
74 4 >= 689
148 5
836 1 62
511 2 41
36 5
777 1 -61
958 2 14
485 3 -60
143 4 <= 664
300 3 -94
657 2 54
100 5
201 4 >= 426
919 2 -69
200 5
682 5
247 5
89 4 != 370
489 1 -54
919 1 -60
626 1 -37
94 1 96
357 3 12
346 4 == 295
974 1 -93
609 2 52
776 4 < 54
98 4 < 124
138 3 -4
689 5
514 4 == 343
228 5
754 4 <= 257
203 5
616 2 -96
318 1 -97
288 3 -70
437 3 13
669 2 -6
541 2 92
608 4 != 125
771 3 38
122 4 > 566
166 2 14
662 2 81
458 3 -17
378 1 22
359 1 -98
126 5
673 3 -73
791 3 47
435 2 48
76 3 -9
296 4 <= 212
280 4 < 634
771 3 -57
973 2 44
88 1 46
117 2 80
332 2 -54
421 5
296 2 45
126 3 71
850 4 >= 760
795 1 -34
14 5
605 3 -72
294 5
472 3 90
662 5
733 4 <= 737
827 1 -36
341 2 -90
707 5
937 5
22 1 73
319 2 -25
543 5
179 2 -84
43 3 -77
148 2 -89
993 3 25
572 4 <= 873
105 2 -38
750 1 -68
331 3 -60
376 3 10
525 3 66
562 5
69 2 39
435 1 78
551 4 <= 431
186 3 -99
110 1 64
634 3 80
694 5
162 2 -65
506 5
864 3 31
981 2 86
61 3 -18
860 5
238 3 -37
962 4 >= 476
697 5
365 3 -19
535 3 54
20 1 100
858 3 16
411 2 -38
702 5
190 3 22
574 1 -1
300 4 < 112
481 3 -90
350 1 -55
49 4 == 196
196 1 27
94 5
308 4 != 825
952 5
598 3 29
472 3 84
797 2 -60
939 2 -57
936 3 78
476 5
433 1 53
52 3 78
474 5
742 2 18
854 1 -65
785 3 81
299 2 -36
309 5
936 3 24
949 5
74 4 != 752
667 2 -1
898 2 -38
589 4 != 793
386 5
585 5
401 3 -86
626 2 53
880 3 82
993 3 30
741 4 >= 34
387 3 93
874 5
789 4 <= 664
996 2 -24
54 1 76
154 5
885 4 == 878
255 3 -31
55 4 > 836
814 4 < 1
610 2 -88
644 4 != 822
165 3 -35
554 3 7
12 5
45 1 -59
725 5
862 2 -71
82 2 55
905 2 98
126 2 29
998 3 28
29 1 91
139 5
926 1 45
440 4 >= 704
425 2 -60
253 4 != 160
522 5
706 5
204 4 >= 650
832 2 3
382 5
11 4 != 887
794 4 != 169
218 4 >= 976
293 4 <= 962
195 5
992 4 <= 677
515 4 > 93
502 2 -27
332 1 88
793 2 97
92 5
951 1 -50
894 3 22
31 2 -43
790 1 -76
113 2 75
70 3 24
708 1 24
41 2 93
850 1 -66
895 3 -97
159 4 > 411
536 4 < 603
675 5
87 3 94
681 1 90
586 2 50
71 1 -91
293 3 -21
566 5
756 5
959 1 80
883 4 >= 139
825 3 -49
648 2 -51
713 2 -20
529 2 82
33 2 12
264 2 46
641 1 -26
613 4 <= 834
417 2 31
940 2 91
706 5
975 5
291 5
715 4 >= 682
95 3 78
103 1 -99
731 5
112 1 55
219 3 -2
709 4 != 200
407 1 87
416 3 22
369 5
456 2 -25
508 3 -16
651 5
416 2 9
893 1 4
536 4 == 987
896 2 20
195 4 >= 729
271 1 50
247 1 -32
592 3 59
402 5
86 1 38
874 2 49
663 4 == 114
746 2 59
199 5
594 4 > 283
825 3 -37
93 1 -22
679 1 -23
652 5
381 4 > 301
985 4 >= 716
298 3 -23
106 3 38
108 1 -54
36 4 == 573
909 5
542 4 < 662
113 4 >= 990
43 4 < 733
984 2 94
139 4 <= 683
769 3 -8
9 5
211 5
957 4 <= 73
834 1 22
977 1 -100
110 3 -31
355 1 47
767 2 -39
320 1 -13
748 5
502 2 -6
57 3 -91
115 4 > 958
767 2 9
989 1 46
906 1 -80
421 5
497 2 28
274 1 8
834 3 -73
615 5
105 2 35
826 1 -78
746 2 -42
824 4 >= 109
57 3 -85
89 5
248 5
235 5
454 3 -66
865 5
165 3 72
407 3 57
409 5
120 2 86
713 5
902 3 -90
657 5
410 3 61
525 1 14
216 3 65
261 2 61
704 5
26 3 -62
250 3 20
693 1 -83
962 4 >= 661
803 3 85
241 1 -7
520 1 -32
2 2 71
342 5
18 5
323 4 > 9
87 4 <= 450
339 5
124 2 -50
238 4 > 212
602 2 23
308 4 < 69
534 3 2
497 5
859 3 97
792 1 23
555 3 98
68 5
139 4 != 491
788 3 50
205 5
318 2 -77
45 4 != 244
360 1 -40
816 5
951 1 -96
472 1 24
154 4 < 738
906 5
937 5
126 2 71
345 5
528 3 7
819 5
726 3 -65
350 4 <= 68
696 2 64
640 5
726 5
432 3 -63
189 2 -31
135 1 67
597 1 -18
136 3 59
336 5
106 2 8
108 4 > 0
872 2 95
121 3 44
821 2 -21
405 4 <= 249
975 5
8 2 -99
889 5
336 2 13
594 2 -7
894 5
579 5
332 2 -26
263 2 -30
282 2 31
508 3 -15
264 4 > 998
750 5
637 1 -96
782 3 40
712 2 -45
681 5
260 3 -60
670 1 -58
881 2 -38
88 3 -65
379 5
579 3 -41
553 5
194 1 -82
713 2 6
273 5
377 4 > 393
924 5
756 3 -91
81 1 50
488 5
295 5
610 4 == 906
241 5
874 1 -56
851 1 -64
312 4 >= 518
794 4 > 847
797 3 47
810 1 -40
226 2 -78
522 5
364 3 86
838 2 27
157 5
94 4 == 210
484 1 37
214 2 -9
963 2 -58
685 5
770 1 -93
352 5
6 5
415 1 -100
193 5
253 3 67
917 4 != 965
284 1 -51
476 3 86
225 4 >= 22
547 1 -54
348 1 44
454 3 -60
765 3 9
602 5
757 4 < 288
905 1 -97
30 5
431 5
224 2 88
282 4 == 584
121 2 -80
508 2 -40
447 4 >= 218
364 3 66
144 1 -30
607 1 -80
103 4 < 152
260 5
576 5
407 5
76 2 -6
480 2 -19
341 3 13
886 2 5
712 2 50
787 5
815 5
932 3 66
687 3 -98
402 3 -40
819 3 14
644 4 == 254
334 5
972 2 88
950 5
980 4 <= 508
373 3 -84
932 3 13
658 1 -40
636 3 -79
345 1 29
353 4 > 79
189 4 != 808
317 1 -57
578 2 -35
590 1 46
785 4 < 417
214 3 -73
882 5
129 2 -27
128 5
252 5
66 2 -61
9 3 38
951 4 != 558
717 2 58
967 4 <= 880
506 3 11
377 3 71
989 1 -23
36 3 3
441 2 -31
22 4 <= 945
139 3 -77
836 1 -88
552 1 3
295 2 -94
478 4 == 702
536 4 >= 430
338 1 90
225 2 -89
263 5
948 4 == 889
55 5
864 4 == 311
883 5
161 5
981 1 -12
632 3 18
75 5
134 3 -29
659 2 -51
631 4 <= 98
47 5
901 2 31
272 2 20
176 5
353 2 -51
836 3 -13
900 2 -25
497 3 74
273 4 < 311
351 3 15
958 2 86
405 1 -21
933 3 -46
107 3 -20
198 5
705 2 92
676 3 38
96 1 -78
296 1 3
921 1 27
437 3 -53
968 3 12
467 5
220 5
892 4 < 102
187 1 -15
50 3 82
107 2 -57
349 5
199 1 96
735 3 -73
499 1 19
510 2 0
190 5
327 1 -82
650 4 < 35
717 3 -66
183 2 -55
48 5
701 1 23
644 2 -2
778 4 < 328
458 1 33
68 1 -4
13 4 != 335
799 3 -100
441 2 -62
896 2 5
800 5
721 1 33
388 1 -11
761 5
970 4 > 423
230 5
17 2 26
247 5
477 5
586 4 == 922
479 2 -50
727 1 -90
377 5
316 1 -100
414 2 17
302 3 33
326 1 19
895 2 17
462 1 45
218 5
267 4 > 313
777 2 24
92 1 73
243 3 97
190 5
602 2 46
168 1 39
68 3 -2
129 3 59
382 3 -46
646 4 >= 232
806 3 -87
103 4 != 96
615 1 -20
961 4 == 968
389 4 <= 223
338 2 -40
681 5
965 5
121 1 99
829 1 -86
467 1 6
601 5
465 5
805 3 -34
664 3 37
239 5
218 2 100
140 2 49
560 3 25
340 1 21
69 2 72
321 5
414 1 -2
241 3 -87
638 5
233 3 -66
684 5
793 3 -43
984 1 40
28 4 <= 755
859 3 -55
259 1 41
917 2 -33
451 5
224 4 > 863
212 1 15
45 3 56
281 4 > 662
971 3 58
158 2 -94
908 2 75
743 4 <= 250
402 1 -11
106 4 > 813
24 4 != 516
306 5
837 3 -79
385 2 -28
928 3 86
120 3 44
647 5
870 2 27
104 2 -22
481 5
859 1 -70
315 4 >= 178
541 5
956 5
161 4 < 108
488 1 33
94 1 73
975 1 -27
867 1 88
640 2 18
378 4 <= 586
718 1 -87
471 1 57
818 2 -48
270 4 != 64
906 1 98
498 4 < 891
485 2 -50
749 4 == 737
188 1 -7
214 2 50
836 5
574 4 == 74
677 2 -35
254 3 -11
130 2 -65
713 1 -15
765 3 55
850 3 -54
44 1 62
79 1 70
164 5
516 4 > 966
398 3 -35
802 1 -32
316 3 96
866 3 -57
451 4 < 807
212 5
246 3 30
130 3 -87
989 4 <= 27
557 4 != 214
101 2 -50
189 4 < 636
909 1 66
74 3 -34
610 3 46
668 3 -73
436 3 19
427 4 < 744
86 5
486 2 27
714 4 > 500
586 4 >= 180
768 4 == 954
835 2 -6
806 3 1
257 5
979 1 41
281 2 30
565 4 < 229
149 4 <= 29
802 4 >= 590
989 5
798 1 23
81 5
54 5
956 2 -34
899 2 -75
848 2 -2
474 3 -74
601 2 89
421 4 == 866
508 2 50
399 5
120 5
468 5
512 3 -31
897 4 < 877
999 1 -70
917 1 37
503 1 19
829 4 != 665
877 2 0
426 1 -58
70 5
82 5
206 5
338 4 == 989
510 4 == 819
522 1 33
921 1 91
299 5
853 2 43
627 2 67
807 4 > 851
804 4 != 524
99 3 -27
385 5
110 1 39
579 4 == 102
242 5
10 5
938 4 < 827
193 4 >= 708
454 3 44
100 1 -47
206 2 12
724 4 > 282
59 1 55
19 5
218 4 == 752
47 4 >= 770
894 5
972 4 <= 688
264 2 -47
644 2 -8
744 5
304 3 -27
301 2 -4
165 2 -19
514 5
785 5
918 5
343 2 62
748 3 78
460 4 <= 612
237 3 -42
517 2 -30
981 5
179 1 90
323 5
584 3 27
213 5
818 2 17
437 2 -86
814 2 1
978 2 12
256 2 91
834 3 14
870 3 -9
440 2 91
878 5
128 1 74
279 1 0
957 3 44
818 5
531 1 -44
229 5
900 4 == 256
946 3 85
466 4 > 798
945 1 37
467 4 < 512
630 5
401 2 -52
272 2 48
63 3 84
813 1 47
87 4 == 479
530 1 -84
542 2 58
883 4 <= 155
125 4 != 566
22 3 26
432 5
860 4 < 301
117 1 -20
280 1 -66
418 3 85
963 5
273 3 -55
56 5
414 3 -68
553 1 -28
465 2 -51
91 2 -3
921 5
697 4 <= 704
91 3 38
985 4 == 435
863 1 97
397 3 -69
364 5
562 1 10
621 2 -39
851 3 -10
327 2 -93
471 3 48
23 5
167 3 -34
657 4 > 678
42 2 10
441 5
783 5
472 3 96
924 4 != 939
547 5
303 3 75
182 2 93
496 2 -69
238 1 63
607 4 <= 444
727 1 54
629 2 6
297 2 46
206 4 > 137
198 1 3
616 5
225 5
504 3 -30
301 5
945 1 54
523 2 55
870 2 2
616 5
243 4 == 911
825 1 -4
59 4 < 840
301 5
849 3 60
714 2 -96
319 2 85
479 1 49
120 5
22 2 -12
591 2 6
833 2 -33
291 2 20
171 5
470 3 -11
986 1 -23
892 5
973 3 92
753 1 34
443 2 -16
1 1 68
714 2 88
374 5
724 5
596 2 -67
616 4 > 939
37 2 -15
563 2 -3
386 4 <= 969
537 3 -43
818 1 16
251 5
677 2 34
897 2 -95
687 2 -38
202 3 -5
586 4 < 539
387 1 -5
807 1 93
501 3 53
31 4 == 698
411 2 -30
931 3 -63
150 5
995 1 -78
526 5
662 1 59
557 2 14
725 1 64
446 3 11
904 3 -66
564 5
39 1 59
732 1 -51
912 5
256 4 == 112
158 2 -11
569 3 45
638 4 == 775
215 2 60
994 1 -90
448 5
828 3 51
959 3 55
155 5
545 4 > 134
555 3 37
641 3 42
791 2 -67
864 4 == 790
98 3 -33
155 1 84
29 3 -53
307 3 37
977 3 -2
39 5
936 5
259 3 -79
867 2 81
429 2 11
239 5
311 4 == 76
15 5
645 5
66 2 -32
377 3 45
738 5
656 2 19
218 3 81
493 5
919 5
274 3 39
261 4 == 581
831 3 -28
296 3 -41
593 5
130 2 -41
167 2 81
367 1 57
844 1 81
903 4 != 70
27 4 > 340
446 4 != 107
367 4 <= 97
957 5
958 5
329 3 -95
519 1 85
810 4 == 190
622 2 -68
941 4 < 598
654 1 38
984 2 -11
937 2 17
412 2 -41
615 4 >= 814
909 2 24
534 1 88
9 3 -19
168 1 82
292 5
90 3 -15
833 3 -31
264 3 61
288 4 != 518
595 2 35
310 3 3
823 3 99
872 5
715 4 < 997
699 5
158 3 94
211 2 -7
645 1 -15
611 1 -61
812 2 45
159 5
347 4 <= 987
203 5
611 1 94
160 3 98
6 5
29 3 51
107 3 -80
910 1 84
378 3 -51
202 3 -75
832 5
534 5
176 4 <= 976
204 4 != 867
62 1 96
758 4 != 471
50 2 -57
834 2 75
995 5
989 3 -73
404 5
985 1 -43
197 2 98
344 1 0
519 4 <= 251
600 5
819 1 -1
674 3 13
231 3 -69
660 4 == 144
924 2 78
116 5
991 2 73
703 2 -21
766 2 -64
917 2 88
752 5
549 5
711 4 <= 647
26 1 93
968 5
68 2 70
563 3 -54
901 3 -98
451 4 >= 326
950 1 43
832 5
300 3 -19
299 1 64
586 2 41
387 2 -30
835 2 93
203 5
52 1 94
772 5
492 4 < 393
441 4 == 940
678 2 20
131 2 81
184 5
268 2 -30
677 3 -97
477 5
95 1 -76
56 1 65
298 5
545 2 43
81 5
15 5
652 2 -1
95 1 32
557 1 -78
585 5
181 3 -96
967 5
143 1 -94
329 5
893 1 42
297 2 97
378 2 -41
236 5
482 5
633 1 -85
996 1 -93
451 4 >= 79
338 1 -45
168 5
538 2 -78
502 4 > 665
593 1 71
613 3 -66
251 4 <= 297
136 2 -5
985 3 16
539 5
965 5
737 4 == 103
78 5
928 3 19
234 2 65
788 1 96
608 5
235 4 == 410
728 3 9
361 2 -62
114 5
350 4 < 357
744 5
375 5
759 4 != 498
393 4 != 787
485 5
915 3 -87
207 2 93
22 1 74
489 1 74
708 1 -3
124 4 < 651
686 2 -57
336 4 > 182
875 2 -27
17 3 -93
1 3 70
641 3 -83
510 1 -76
689 1 44
64 3 -91
88 3 82
122 3 70
791 1 -77
678 4 > 682
814 2 -59
704 5
862 2 -55
810 4 != 772
550 5
882 4 > 347
396 4 != 190
805 3 -46
321 3 -21
476 5
109 2 -26
605 4 != 368
821 5
995 1 -7
911 1 36
522 1 28
409 1 57
835 1 -94
298 2 -56
161 4 != 774
597 4 < 645
681 5
350 1 89
901 1 38
58 1 -45
565 5
475 4 == 789
770 4 <= 850
332 3 -39
924 2 5
131 3 -91
1 5
136 4 <= 966
692 4 < 354
254 3 -93
140 1 -1
476 3 -79
320 1 -72
399 1 49
159 4 >= 943
3 3 61
868 2 84
901 1 -74
960 1 -81
387 3 88
20 2 -95
4 5
535 5
662 3 94
971 2 13
256 4 >= 56
222 4 == 142
217 3 17
103 3 54
756 4 >= 504
167 5
250 2 -94
992 2 -39
604 5
426 2 -90
299 1 -70
323 1 44
133 5
155 5
476 5
266 2 16
515 1 -21
154 5
492 4 <= 41
14 1 58
395 1 87
859 3 -8
903 1 -33
722 2 -46
113 1 -94
471 3 62
30 4 <= 98
913 1 70
388 2 66
487 3 95
76 4 != 808
381 4 > 126
469 2 -41
851 1 -41
243 3 -73
337 4 >= 990
729 2 27
133 3 -98
150 4 >= 564
368 3 -92
863 1 -79
518 1 -88
439 4 >= 125
20 4 >= 15
697 4 < 795
699 3 -47
829 2 -70
181 4 != 784
497 1 23
221 3 3
736 5
62 1 -40
450 4 >= 755
399 1 -20
86 3 -30
119 4 <= 646
700 5
781 5
89 2 74
622 2 -19
250 4 < 782
677 3 37
584 2 -91
294 1 -10
987 2 -63
143 2 -96
96 1 72
566 4 < 236
855 3 -67
248 5
350 4 < 237
401 5
947 1 40
434 1 -38
808 1 -88
74 3 52
516 3 -38
300 4 <= 775
451 1 -13
734 5
560 3 -51
824 3 52
166 5
492 2 -17
65 5
815 5
538 2 -41
860 1 74
189 3 91
188 2 93
533 4 == 611
226 1 35
310 2 -31
654 1 3
370 1 -65
71 1 -59
749 4 != 503
467 1 -3
928 4 <= 739
738 1 95
77 5
373 1 -25
430 2 40
169 5
727 4 >= 962
472 2 -64
910 2 57
142 4 >= 759
568 5
913 1 -30
762 2 -58
462 5
818 2 -29
797 2 94
479 2 67
694 4 < 776
751 1 -46
711 4 >= 674
547 4 != 669
364 3 72
962 3 -25
617 3 -41
26 5
764 4 < 210
431 5
117 5
920 4 <= 269
101 4 != 214
998 4 <= 883
475 1 83
491 2 -37
598 1 67
954 3 -24
75 3 12
83 5
94 4 != 6
834 2 -37
596 4 == 5
866 4 > 454
142 3 47
274 5
812 1 52
647 1 -4
122 5
447 4 < 446
65 3 49
168 2 -41
244 2 -63
637 3 -43
207 1 14
37 1 -57
689 1 -5
773 3 -57
820 3 67
237 4 <= 266
804 1 -74
29 1 -100
193 4 > 177
621 2 73
565 3 -25
634 2 46
924 2 -9
482 2 75
431 4 >= 256
552 5
390 2 41
912 2 36
618 5
112 5
717 4 == 960
269 2 54
34 4 < 206
250 3 62
678 3 59
560 1 68
725 2 24
604 3 -53
353 5
677 1 69
507 5
121 3 97
987 3 75
284 4 == 628
593 1 -42
251 2 14
900 4 > 655
227 2 -13
347 1 86
10 2 0
747 1 -18
610 5
547 3 -22
214 3 -68
668 5
837 5
131 4 > 943
894 1 44
730 4 <= 378
870 1 -40
280 5
975 2 93
178 4 != 520
519 3 -96
389 4 == 831
895 2 85
623 5
132 2 66
310 4 < 427
512 1 -86
977 1 -34
248 3 -6
687 4 >= 909
412 3 91
934 4 > 745
104 4 != 53
874 1 21
236 2 -37
938 2 84
806 5
75 4 != 257
386 4 <= 651
645 2 48
706 5
955 3 9
873 2 75
976 5
539 1 52
847 4 >= 404
985 5
664 5
713 3 -22
841 1 -73
931 3 77
887 2 86
848 3 89
269 3 -33
834 3 71
361 5
793 1 -51
86 3 73
571 5
470 1 42
417 4 >= 277
660 1 -56
857 4 > 317
2 2 -59
654 3 29
564 2 96
409 5
535 3 -5
819 5
530 3 39
709 3 36
321 1 82
480 1 68
122 1 -20
313 1 -14
399 4 <= 426
238 5
679 1 -8
547 3 -33
951 2 -84
754 1 -74
38 3 70
451 1 -8
887 1 -32
65 3 -16
20 4 >= 48
226 2 -15
163 5
508 2 92
598 3 74
661 4 < 692
23 1 -40
985 3 61
6 4 <= 107
908 1 85
133 4 < 941
836 1 100
305 1 2
396 1 33
342 4 > 255
967 5
559 4 > 60
502 2 34
698 3 48
618 3 70
533 1 -98
137 5
300 5
795 3 -99
798 1 60
418 3 74
350 2 48
107 4 <= 777
693 3 -94
599 4 >= 885
152 2 14
461 1 84
0 5
744 2 -12
121 4 < 943
95 3 75
932 3 -79
986 3 5
560 4 == 210
422 4 != 89
766 3 -33
561 4 < 614
938 4 != 749
548 4 <= 591
399 1 56
170 4 <= 205
258 3 68
354 3 -4
271 1 -47
161 5
873 1 -14
965 2 -19
743 5
16 4 >= 425
372 2 29
686 4 == 77
339 2 98
14 2 31
760 4 == 738
916 1 81
449 4 == 284
700 1 81
125 3 -2
494 2 -77
851 2 86
670 3 -15
379 5
853 3 -74
588 4 != 471
376 3 72
672 5
36 2 9
33 5
545 4 < 291
900 2 -54
192 3 -80
36 2 31
913 4 <= 895
650 2 4
419 2 91
851 1 93
873 5
526 2 -25
113 3 60
596 1 100
147 3 -10
604 4 != 920
14 5
464 2 38
853 4 <= 168
533 4 == 756
828 1 79
188 1 -77
552 4 < 641
652 4 >= 447
477 5
440 1 -90
955 2 -21
338 3 1
636 5
387 4 != 104
45 4 != 540
705 3 -70
682 4 > 325
30 3 -72
633 5
101 3 -99
587 5
404 2 37
260 4 <= 392
315 3 -82
918 5
213 1 -40
167 3 -50
159 3 -86
108 4 > 118
515 4 != 689
289 4 >= 6
133 1 20
326 4 <= 372
146 3 74
458 2 60
134 3 3
525 5
548 5
235 5
103 1 31
143 3 -9
740 2 -20
957 4 == 137
110 1 12
688 4 == 124
501 5
801 2 -75
276 3 -91
474 4 < 140
892 2 -82
580 4 == 790
956 3 49
523 2 -99
343 3 7
569 2 -80
537 1 -56
362 5
772 1 75
948 2 -44
111 5
740 2 -88
12 4 < 287
879 4 > 154
334 3 -68
776 4 == 586
380 4 < 879
232 2 37
576 2 53
80 3 -55
587 2 -17
977 4 > 293
736 1 45
278 1 -98
167 2 -70
168 4 > 446
788 4 >= 736
207 3 -61
510 3 67
344 3 17
204 2 73
581 4 == 711
90 4 == 169
532 2 -45
906 2 65
624 5
914 3 -65
744 4 != 225
915 1 -34
179 2 72
611 1 -8
778 4 < 634
844 1 -61
763 1 -100
850 5
912 5
397 4 < 997
607 4 == 961
21 5
460 4 >= 105
15 2 -86
30 2 -51
440 4 == 461
866 3 42
296 5
92 1 -90
333 5
65 2 -34
207 5
524 2 23
636 2 9
968 4 != 965
391 4 <= 344
641 3 79
387 5
875 5
253 3 -59
233 5
255 3 -60
925 3 -36
407 5
420 3 93
341 2 57
774 5
423 5
382 5
398 5
948 4 < 950
525 2 34
547 2 -47
385 2 86
977 3 -76
602 3 -66
995 5
318 5
897 4 >= 320
938 1 -19
140 1 -12
409 5
177 5
450 1 46
43 1 -27
713 1 -31
437 5
970 4 >= 78
536 3 -75
540 1 14
645 2 -71
36 3 30
178 5
823 5
969 2 22
348 4 == 242
225 4 < 428
828 5
694 1 -64
676 5
611 2 -69
329 2 29
615 5
446 3 -24
811 1 75
979 4 == 605
688 1 70
964 5
443 4 == 309
292 4 > 343
438 5
767 1 47
698 2 18
75 5
30 4 >= 730
241 3 -3
707 5
859 3 0
160 4 < 933
823 2 54
982 4 != 563
22 5
839 4 > 349
145 5
863 3 74
298 4 == 540
686 4 > 517
263 2 16
248 3 -54
544 4 != 943
799 5
478 2 -22
374 3 57
737 3 5
954 2 -45
36 2 73
817 2 39
708 4 > 978
617 5
474 2 -45
0 5
1 5
2 5
3 5
4 5
5 5
6 5
7 5
8 5
9 5
10 5
11 5
12 5
13 5
14 5
15 5
16 5
17 5
18 5
19 5
20 5
21 5
22 5
23 5
24 5
25 5
26 5
27 5
28 5
29 5
30 5
31 5
32 5
33 5
34 5
35 5
36 5
37 5
38 5
39 5
40 5
41 5
42 5
43 5
44 5
45 5
46 5
47 5
48 5
49 5
50 5
51 5
52 5
53 5
54 5
55 5
56 5
57 5
58 5
59 5
60 5
61 5
62 5
63 5
64 5
65 5
66 5
67 5
68 5
69 5
70 5
71 5
72 5
73 5
74 5
75 5
76 5
77 5
78 5
79 5
80 5
81 5
82 5
83 5
84 5
85 5
86 5
87 5
88 5
89 5
90 5
91 5
92 5
93 5
94 5
95 5
96 5
97 5
98 5
99 5
100 5
101 5
102 5
103 5
104 5
105 5
106 5
107 5
108 5
109 5
110 5
111 5
112 5
113 5
114 5
115 5
116 5
117 5
118 5
119 5
120 5
121 5
122 5
123 5
124 5
125 5
126 5
127 5
128 5
129 5
130 5
131 5
132 5
133 5
134 5
135 5
136 5
137 5
138 5
139 5
140 5
141 5
142 5
143 5
144 5
145 5
146 5
147 5
148 5
149 5
150 5
151 5
152 5
153 5
154 5
155 5
156 5
157 5
158 5
159 5
160 5
161 5
162 5
163 5
164 5
165 5
166 5
167 5
168 5
169 5
170 5
171 5
172 5
173 5
174 5
175 5
176 5
177 5
178 5
179 5
180 5
181 5
182 5
183 5
184 5
185 5
186 5
187 5
188 5
189 5
190 5
191 5
192 5
193 5
194 5
195 5
196 5
197 5
198 5
199 5
200 5
201 5
202 5
203 5
204 5
205 5
206 5
207 5
208 5
209 5
210 5
211 5
212 5
213 5
214 5
215 5
216 5
217 5
218 5
219 5
220 5
221 5
222 5
223 5
224 5
225 5
226 5
227 5
228 5
229 5
230 5
231 5
232 5
233 5
234 5
235 5
236 5
237 5
238 5
239 5
240 5
241 5
242 5
243 5
244 5
245 5
246 5
247 5
248 5
249 5
250 5
251 5
252 5
253 5
254 5
255 5
256 5
257 5
258 5
259 5
260 5
261 5
262 5
263 5
264 5
265 5
266 5
267 5
268 5
269 5
270 5
271 5
272 5
273 5
274 5
275 5
276 5
277 5
278 5
279 5
280 5
281 5
282 5
283 5
284 5
285 5
286 5
287 5
288 5
289 5
290 5
291 5
292 5
293 5
294 5
295 5
296 5
297 5
298 5
299 5
300 5
301 5
302 5
303 5
304 5
305 5
306 5
307 5
308 5
309 5
310 5
311 5
312 5
313 5
314 5
315 5
316 5
317 5
318 5
319 5
320 5
321 5
322 5
323 5
324 5
325 5
326 5
327 5
328 5
329 5
330 5
331 5
332 5
333 5
334 5
335 5
336 5
337 5
338 5
339 5
340 5
341 5
342 5
343 5
344 5
345 5
346 5
347 5
348 5
349 5
350 5
351 5
352 5
353 5
354 5
355 5
356 5
357 5
358 5
359 5
360 5
361 5
362 5
363 5
364 5
365 5
366 5
367 5
368 5
369 5
370 5
371 5
372 5
373 5
374 5
375 5
376 5
377 5
378 5
379 5
380 5
381 5
382 5
383 5
384 5
385 5
386 5
387 5
388 5
389 5
390 5
391 5
392 5
393 5
394 5
395 5
396 5
397 5
398 5
399 5
400 5
401 5
402 5
403 5
404 5
405 5
406 5
407 5
408 5
409 5
410 5
411 5
412 5
413 5
414 5
415 5
416 5
417 5
418 5
419 5
420 5
421 5
422 5
423 5
424 5
425 5
426 5
427 5
428 5
429 5
430 5
431 5
432 5
433 5
434 5
435 5
436 5
437 5
438 5
439 5
440 5
441 5
442 5
443 5
444 5
445 5
446 5
447 5
448 5
449 5
450 5
451 5
452 5
453 5
454 5
455 5
456 5
457 5
458 5
459 5
460 5
461 5
462 5
463 5
464 5
465 5
466 5
467 5
468 5
469 5
470 5
471 5
472 5
473 5
474 5
475 5
476 5
477 5
478 5
479 5
480 5
481 5
482 5
483 5
484 5
485 5
486 5
487 5
488 5
489 5
490 5
491 5
492 5
493 5
494 5
495 5
496 5
497 5
498 5
499 5
500 5
501 5
502 5
503 5
504 5
505 5
506 5
507 5
508 5
509 5
510 5
511 5
512 5
513 5
514 5
515 5
516 5
517 5
518 5
519 5
520 5
521 5
522 5
523 5
524 5
525 5
526 5
527 5
528 5
529 5
530 5
531 5
532 5
533 5
534 5
535 5
536 5
537 5
538 5
539 5
540 5
541 5
542 5
543 5
544 5
545 5
546 5
547 5
548 5
549 5
550 5
551 5
552 5
553 5
554 5
555 5
556 5
557 5
558 5
559 5
560 5
561 5
562 5
563 5
564 5
565 5
566 5
567 5
568 5
569 5
570 5
571 5
572 5
573 5
574 5
575 5
576 5
577 5
578 5
579 5
580 5
581 5
582 5
583 5
584 5
585 5
586 5
587 5
588 5
589 5
590 5
591 5
592 5
593 5
594 5
595 5
596 5
597 5
598 5
599 5
600 5
601 5
602 5
603 5
604 5
605 5
606 5
607 5
608 5
609 5
610 5
611 5
612 5
613 5
614 5
615 5
616 5
617 5
618 5
619 5
620 5
621 5
622 5
623 5
624 5
625 5
626 5
627 5
628 5
629 5
630 5
631 5
632 5
633 5
634 5
635 5
636 5
637 5
638 5
639 5
640 5
641 5
642 5
643 5
644 5
645 5
646 5
647 5
648 5
649 5
650 5
651 5
652 5
653 5
654 5
655 5
656 5
657 5
658 5
659 5
660 5
661 5
662 5
663 5
664 5
665 5
666 5
667 5
668 5
669 5
670 5
671 5
672 5
673 5
674 5
675 5
676 5
677 5
678 5
679 5
680 5
681 5
682 5
683 5
684 5
685 5
686 5
687 5
688 5
689 5
690 5
691 5
692 5
693 5
694 5
695 5
696 5
697 5
698 5
699 5
700 5
701 5
702 5
703 5
704 5
705 5
706 5
707 5
708 5
709 5
710 5
711 5
712 5
713 5
714 5
715 5
716 5
717 5
718 5
719 5
720 5
721 5
722 5
723 5
724 5
725 5
726 5
727 5
728 5
729 5
730 5
731 5
732 5
733 5
734 5
735 5
736 5
737 5
738 5
739 5
740 5
741 5
742 5
743 5
744 5
745 5
746 5
747 5
748 5
749 5
750 5
751 5
752 5
753 5
754 5
755 5
756 5
757 5
758 5
759 5
760 5
761 5
762 5
763 5
764 5
765 5
766 5
767 5
768 5
769 5
770 5
771 5
772 5
773 5
774 5
775 5
776 5
777 5
778 5
779 5
780 5
781 5
782 5
783 5
784 5
785 5
786 5
787 5
788 5
789 5
790 5
791 5
792 5
793 5
794 5
795 5
796 5
797 5
798 5
799 5
800 5
801 5
802 5
803 5
804 5
805 5
806 5
807 5
808 5
809 5
810 5
811 5
812 5
813 5
814 5
815 5
816 5
817 5
818 5
819 5
820 5
821 5
822 5
823 5
824 5
825 5
826 5
827 5
828 5
829 5
830 5
831 5
832 5
833 5
834 5
835 5
836 5
837 5
838 5
839 5
840 5
841 5
842 5
843 5
844 5
845 5
846 5
847 5
848 5
849 5
850 5
851 5
852 5
853 5
854 5
855 5
856 5
857 5
858 5
859 5
860 5
861 5
862 5
863 5
864 5
865 5
866 5
867 5
868 5
869 5
870 5
871 5
872 5
873 5
874 5
875 5
876 5
877 5
878 5
879 5
880 5
881 5
882 5
883 5
884 5
885 5
886 5
887 5
888 5
889 5
890 5
891 5
892 5
893 5
894 5
895 5
896 5
897 5
898 5
899 5
900 5
901 5
902 5
903 5
904 5
905 5
906 5
907 5
908 5
909 5
910 5
911 5
912 5
913 5
914 5
915 5
916 5
917 5
918 5
919 5
920 5
921 5
922 5
923 5
924 5
925 5
926 5
927 5
928 5
929 5
930 5
931 5
932 5
933 5
934 5
935 5
936 5
937 5
938 5
939 5
940 5
941 5
942 5
943 5
944 5
945 5
946 5
947 5
948 5
949 5
950 5
951 5
952 5
953 5
954 5
955 5
956 5
957 5
958 5
959 5
960 5
961 5
962 5
963 5
964 5
965 5
966 5
967 5
968 5
969 5
970 5
971 5
972 5
973 5
974 5
975 5
976 5
977 5
978 5
979 5
980 5
981 5
982 5
983 5
984 5
985 5
986 5
987 5
988 5
989 5
990 5
991 5
992 5
993 5
994 5
995 5
996 5
997 5
998 5
999 5
